0.1039574146270752
0.04697442054748535
0.052950382232666016
0.03198122978210449
1.128352165222168
0.4127635955810547
0.16489052772521973
0.4919776916503906
1.0051658153533936
1.1515276432037354
0.33583784103393555
0.67909836769104
0.3238222599029541
0.7526102066040039
0.05296945571899414
0.42575836181640625
0.09494566917419434
0.0030155181884765625
0.9094595909118652
0.11793231964111328
0.4187796115875244
0.07495641708374023
0.2748236656188965
0.11795163154602051
0.5346753597259521
0.7885503768920898
0.7025949954986572
0.49773478507995605
0.3547790050506592
0.1679213047027588
0.262831449508667
0.03497815132141113
0.07795548439025879
0.49573469161987305
1.345212459564209
0.4957156181335449
1.8459415435791016
0.4867219924926758
0.017007827758789062
0.8834793567657471
0.16791844367980957
0.5686976909637451
0.3227975368499756
0.13292193412780762
0.7735581398010254
0.35479736328125
0.21489357948303223
0.0019800662994384766
0.40376877784729004
0.025986671447753906
0.0639641284942627
0.503709077835083
0.7086136341094971
0.5046932697296143
0.4667508602142334
1.392730474472046
0.3858022689819336
0.4537386894226074
0.01201176643371582
0.6956019401550293
0.8984668254852295
0.0919656753540039
0.0009808540344238281
0.587681770324707
0.09892487525939941
0.315838098526001
0.5666563510894775
0.050971031188964844
0.06196403503417969
0.7665619850158691
0.24087929725646973
0.683591365814209
0.1768968105316162
1.1473424434661865
0.4927189350128174
0.7915482521057129
0.5916595458984375
0.34580016136169434
0.4067685604095459
0.20788240432739258
0.19589996337890625
0.3108229637145996
0.3667721748352051
0.1908886432647705
0.47574758529663086
0.9594461917877197
0.5117065906524658
0.1459178924560547
0.15692687034606934
0.6476106643676758
0.004996776580810547
0.11095261573791504
0.579653263092041
0.1059567928314209
0.0019989013671875
0.07194089889526367
0.681626558303833
1.7130005359649658
1.5821125507354736
0.2408442497253418
0.9274685382843018
0.612647294998169
0.30582475662231445
0.37281012535095215
0.18587565422058105
0.8555288314819336
0.3157997131347656
0.6136481761932373
0.2998466491699219
0.15091514587402344
0.04495573043823242
0.003997087478637695
0.599656343460083
0.45373988151550293
0.654794454574585
0.6016278266906738
0.09194827079772949
0.17643165588378906
0.06394505500793457
0.9020769596099854
1.1304006576538086
0.24605774879455566
0.22179508209228516
0.09316897392272949
0.7239508628845215
0.1938779354095459
0.11121702194213867
0.1739482879638672
0.9798533916473389
0.11095643043518066
0.2519569396972656
0.211958646774292
0.12392950057983398
0.13594532012939453
0.40011167526245117
0.16290545463562012
0.0599515438079834
0.031290531158447266
0.19888615608215332
0.35405969619750977
0.1859140396118164
0.27104878425598145
0.667818546295166
0.11095571517944336
0.4117739200592041
0.24311232566833496
0.053969621658325195
0.22909855842590332
0.1379389762878418
0.21403002738952637
0.14891481399536133
0.36493444442749023
0.31383252143859863
0.18091773986816406
0.3108522891998291
0.43774914741516113
0.414762020111084
0.07695603370666504
0.8804764747619629
0.3827993869781494
0.1748824119567871
0.19089150428771973
0.17691516876220703
0.27984023094177246
0.025967121124267578
1.2143218517303467
0.8375205993652344
0.0
0.31182122230529785
0.2248518466949463
0.009997367858886719
0.27184152603149414
0.3947932720184326
0.10893726348876953
0.7725579738616943
1.3262391090393066
0.41874265670776367
0.3547987937927246
0.510706901550293
0.011991262435913086
0.12492847442626953
0.8235278129577637
0.04799056053161621
0.19289016723632812
0.15590953826904297
0.26584839820861816
1.398179531097412
0.002999544143676758
0.13893795013427734
0.09792566299438477
0.6506266593933105
0.08695054054260254
0.18289661407470703
0.23388385772705078
0.2588324546813965
0.07096028327941895
0.07097673416137695
0.8175146579742432
0.13893914222717285
0.10593748092651367
0.23784637451171875
0.19688653945922852
0.0419769287109375
1.4531669616699219
0.3028450012207031
0.5446693897247314
1.1493422985076904
0.35779380798339844
0.4587380886077881
0.4917163848876953
0.1579289436340332
0.2128586769104004
0.44976115226745605
0.4537224769592285
0.2968294620513916
0.04098224639892578
0.47672176361083984
1.3612205982208252
0.11393260955810547
0.04297995567321777
0.16590046882629395
0.25287532806396484
0.2958102226257324
0.8415179252624512
0.02200794219970703
0.10593795776367188
0.4497232437133789
0.5157043933868408
0.033982276916503906
0.6266415119171143
1.0414023399353027
0.36780714988708496
0.7885317802429199
0.5027110576629639
0.007995843887329102
1.3762280941009521
0.7985236644744873
0.1759016513824463
0.30182933807373047
0.10095620155334473
0.6716158390045166
0.25783419609069824
0.41178226470947266
0.08794069290161133
0.4247472286224365
1.0364255905151367
0.07793688774108887
0.07795262336730957
0.8794965744018555
0.6676363945007324
0.4287552833557129
0.14491653442382812
0.42473721504211426
0.5347144603729248
1.7799608707427979
0.2468583583831787
0.3727455139160156
1.4659883975982666
0.7345664501190186
0.29886770248413086
0.2931339740753174
0.1819171905517578
0.23681116104125977
0.2428417205810547
0.17290210723876953
0.13892769813537598
0.7245862483978271
0.4337499141693115
0.3587944507598877
0.24186301231384277
0.13292407989501953
0.042977094650268555
0.44576001167297363
0.1528949737548828
0.02698349952697754
1.0703861713409424
0.1339426040649414
0.3737819194793701
0.09597039222717285
0.3607766628265381
0.10493731498718262
0.37378787994384766
0.9014813899993896
0.7565662860870361
1.131371259689331
0.47870826721191406
0.10695576667785645
0.39675426483154297
0.1519312858581543
0.3437840938568115
1.0953738689422607
0.032979726791381836
0.5986757278442383
0.9144766330718994
0.039977312088012695
0.10693836212158203
0.24685931205749512
0.06396269798278809
1.6250684261322021
0.09392762184143066
0.041976213455200195
0.25485968589782715
1.5151448249816895
1.2502834796905518
0.4976980686187744
0.4707298278808594
0.19788599014282227
0.008013486862182617
0.05095171928405762
0.3708064556121826
0.030982255935668945
0.6476297378540039
0.22185444831848145
0.15892720222473145
0.19089055061340332
0.41776037216186523
0.21187806129455566
0.2748241424560547
0.07097864151000977
0.2428436279296875
0.8025569915771484
0.11293530464172363
0.2368450164794922
0.2538747787475586
0.739556074142456
0.7845535278320312
0.1808943748474121
0.22189068794250488
0.3088040351867676
0.6976025104522705
0.2538726329803467
0.3277919292449951
0.40978407859802246
0.44872403144836426
0.23386788368225098
0.3807859420776367
1.310262680053711
0.3547790050506592
0.019986867904663086
0.6266422271728516
0.20488262176513672
0.12192916870117188
0.29782891273498535
0.5866658687591553
0.09494519233703613
0.1579275131225586
0.7675411701202393
0.0899503231048584
0.1788952350616455
0.05097532272338867
0.8264248371124268
0.011994600296020508
1.1124515533447266
0.3428232669830322
0.25583577156066895
1.368215560913086
0.08993053436279297
0.2048816680908203
0.479724645614624
0.05398893356323242
0.34580063819885254
0.25583362579345703
0.4407474994659424
0.147935152053833
0.08693146705627441
0.13092327117919922
0.39777326583862305
0.19588732719421387
0.23586463928222656
0.18489408493041992
0.05298805236816406
0.6995813846588135
0.4447636604309082
0.40275120735168457
0.0049970149993896484
0.018989086151123047
0.11893057823181152
0.14293718338012695
0.09892416000366211
0.02600383758544922
0.3128020763397217
0.5446882247924805
0.0899498462677002
0.19888687133789062
0.045972347259521484
0.18189501762390137
0.23686480522155762
0.6406505107879639
0.3408048152923584
0.22785043716430664
0.04097604751586914
0.8395195007324219
0.5996565818786621
0.1859123706817627
0.03098273277282715
0.11591577529907227
0.5307133197784424
0.07195878028869629
0.220855712890625
0.20088481903076172
0.09794259071350098
0.16091036796569824
0.42975330352783203
0.3008263111114502
0.3907768726348877
0.21887516975402832
0.5906617641448975
0.6786088943481445
0.09194731712341309
0.12994647026062012
1.1343483924865723
0.5286791324615479
0.04199385643005371
0.7175695896148682
1.0134196281433105
0.1939079761505127
0.29383134841918945
0.09094858169555664
0.10991740226745605
0.6436336040496826
0.5716896057128906
0.5326752662658691
1.1543402671813965
0.5167036056518555
0.023004770278930664
0.13290667533874512
0.03199911117553711
0.6416316032409668
0.9104595184326172
0.24086213111877441
0.2598707675933838
0.10793757438659668
0.3967552185058594
0.47272729873657227
0.3808012008666992
0.3767685890197754
0.3348057270050049
0.18289470672607422
0.0259854793548584
0.19688725471496582
0.10294103622436523
0.0
0.24387836456298828
0.2888169288635254
0.09296464920043945
0.13590359687805176
0.13092517852783203
0.2798583507537842
0.07895350456237793
0.8994815349578857
0.19487500190734863
0.09194660186767578
0.26584744453430176
0.46575045585632324
0.5396919250488281
0.04595446586608887
0.18189692497253418
0.42377424240112305
0.7345798015594482
0.3328092098236084
0.252835750579834
0.41576337814331055
1.2462854385375977
2.1257996559143066
1.252265453338623
0.3508169651031494
0.23384642601013184
1.3442296981811523
0.6226623058319092
0.7785403728485107
0.7235996723175049
0.02097034454345703
0.22288942337036133
0.19786739349365234
0.3128221035003662
0.31981754302978516
0.0519869327545166
0.31779909133911133
0.22687005996704102
0.28084564208984375
0.33080458641052246
0.048990488052368164
0.14589715003967285
0.033983707427978516
0.8295278549194336
0.5616717338562012
0.1019432544708252
0.2538721561431885
0.158890962600708
0.005997180938720703
0.06696152687072754
0.0659792423248291
0.7555515766143799
0.3328254222869873
0.3447844982147217
0.24787592887878418
0.38476061820983887
0.2982480525970459
0.805556058883667
0.027984142303466797
