0.0019981861114501953
0.012991666793823242
0.0019996166229248047
0.019991636276245117
0.026981830596923828
0.02198648452758789
0.00099945068359375
0.036978960037231445
0.019007444381713867
0.011996269226074219
0.0019767284393310547
0.009996175765991211
0.011011838912963867
0.04695487022399902
0.0050067901611328125
0.04196524620056152
0.0399775505065918
0.006994962692260742
0.02400517463684082
0.025985240936279297
0.02996516227722168
0.008000612258911133
0.03897237777709961
0.05496931076049805
0.14391565322875977
0.006996631622314453
0.0049974918365478516
0.03288388252258301
0.006995201110839844
0.07195854187011719
0.2628495693206787
0.0029993057250976562
0.028522253036499023
0.18989086151123047
0.10693836212158203
0.01998758316040039
0.05796694755554199
0.003997802734375
0.10394072532653809
0.013992071151733398
0.012992620468139648
0.004996776580810547
0.04798173904418945
0.023993730545043945
0.03796696662902832
0.026879072189331055
0.06995749473571777
0.0069959163665771484
0.03203392028808594
0.013991355895996094
0.01898956298828125
0.01900625228881836
0.0219879150390625
0.1330420970916748
0.001995086669921875
0.08901071548461914
0.01197052001953125
0.013013601303100586
0.012971162796020508
0.013993501663208008
0.07595515251159668
0.0359799861907959
0.004996776580810547
0.014992237091064453
0.020076513290405273
0.016993284225463867
0.011991262435913086
0.0159914493560791
0.046053409576416016
0.011993169784545898
0.02100658416748047
0.01397395133972168
0.07303214073181152
0.06696462631225586
0.001995086669921875
0.02299022674560547
0.04797101020812988
0.014993429183959961
0.09895825386047363
0.020291805267333984
0.035980939865112305
0.0
0.14501357078552246
0.020041465759277344
0.02298712730407715
0.11197686195373535
0.009974479675292969
0.08301162719726562
0.0029969215393066406
0.003997802734375
0.08395576477050781
0.03599810600280762
0.014990568161010742
0.00099945068359375
0.07196283340454102
0.0009815692901611328
0.013991117477416992
0.0030183792114257812
0.03888583183288574
0.002997875213623047
