0.0
0.0
0.0
0.0010135173797607422
0.0
0.0
0.0
0.0
0.0
0.0
0.0
0.0
0.0
0.0
0.0
0.0
0.00099945068359375
0.0
0.0
0.0
0.0
0.0
0.0
0.0
0.0
0.0
0.0
0.0
0.0
0.0
0.0
0.0
0.0
0.0
0.0
0.0
0.0
0.0010001659393310547
0.0
0.0
0.0
0.0
0.0
0.0
0.0
0.00098419189453125
0.0
0.0
0.0
0.0
0.001018524169921875
0.0
0.0
0.0
0.0
0.0
0.0
0.0
0.0
0.0
0.0009992122650146484
0.0
0.0
0.0
0.0
0.0
0.0
0.0
0.0
0.0
0.0010020732879638672
0.0
0.0
0.0
0.0
0.0
0.0
0.0
0.0
0.0
0.0
0.0009968280792236328
0.0
0.0
0.0
0.0
0.0
0.0
0.0
0.0
0.00099945068359375
0.0
0.0
0.0
0.0
0.0
0.0
0.0
0.0
0.0
