0.6206347942352295
0.06496357917785645
0.10194087028503418
1.223323106765747
1.3841888904571533
1.101653814315796
0.12393307685852051
0.021968364715576172
0.3558213710784912
0.6547112464904785
0.16497468948364258
0.4028451442718506
0.05495047569274902
0.6047153472900391
0.2888171672821045
0.18989062309265137
0.8954875469207764
0.3987553119659424
0.04796957969665527
0.05297136306762695
0.5137054920196533
0.12292981147766113
0.7765743732452393
0.17689824104309082
0.2728238105773926
0.4927182197570801
0.0879511833190918
0.27584409713745117
0.024003982543945312
0.39475440979003906
0.6346559524536133
0.36578965187072754
0.051950931549072266
0.7885677814483643
0.6646027565002441
0.0899665355682373
0.27382349967956543
0.2708463668823242
0.2208719253540039
0.08896827697753906
0.20088458061218262
0.4027714729309082
0.027985572814941406
0.2208702564239502
0.26982545852661133
0.07895493507385254
0.2688460350036621
0.4727308750152588
0.36179280281066895
0.13292384147644043
0.5406889915466309
0.6006743907928467
0.3747694492340088
0.30782485008239746
0.09994125366210938
0.018990755081176758
0.07795357704162598
0.24985766410827637
0.05598616600036621
0.036978960037231445
0.18787312507629395
0.14791631698608398
0.13992524147033691
0.7655606269836426
0.5107080936431885
0.031961917877197266
0.13094496726989746
0.21585798263549805
0.17190289497375488
2.1417720317840576
0.08395147323608398
0.5217010974884033
0.08397030830383301
0.22984910011291504
0.2668492794036865
0.35779285430908203
0.7785727977752686
0.8005290031433105
0.09593963623046875
0.036995887756347656
0.6336379051208496
0.06394505500793457
0.47072863578796387
0.6406526565551758
0.5586793422698975
0.18587589263916016
2.565532684326172
0.07297992706298828
0.11291623115539551
0.9054977893829346
0.32379698753356934
0.6995973587036133
0.06596231460571289
0.8405375480651855
0.26185035705566406
0.022986888885498047
0.1788785457611084
0.266848087310791
0.13492178916931152
0.0319821834564209
0.06995987892150879
0.41975998878479004
0.0839531421661377
0.2928309440612793
0.44672632217407227
0.18891024589538574
0.34678101539611816
0.3448052406311035
1.660048246383667
0.5037109851837158
0.7655625343322754
0.4527568817138672
0.043974876403808594
0.13590312004089355
0.45773816108703613
0.2508583068847656
0.12192797660827637
0.31581854820251465
1.0084221363067627
0.4327714443206787
0.07595634460449219
0.3687882423400879
0.25983357429504395
0.5626780986785889
0.6606197357177734
0.09696459770202637
0.6665985584259033
1.0473992824554443
0.23486733436584473
0.12694525718688965
0.365772008895874
0.003998517990112305
0.37978029251098633
0.09494686126708984
0.5037109851837158
0.17289996147155762
0.46173858642578125
0.13194060325622559
0.2908155918121338
0.18489933013916016
0.11392951011657715
0.8595075607299805
0.3068418502807617
0.5007131099700928
0.5007131099700928
0.2648482322692871
0.282820463180542
0.3018455505371094
0.4517405033111572
0.3507802486419678
0.3408050537109375
0.26086926460266113
0.5596613883972168
0.9724428653717041
0.5097255706787109
0.07194018363952637
0.06496357917785645
0.4487607479095459
0.0499720573425293
0.3228142261505127
0.16490626335144043
1.0883572101593018
0.7835323810577393
0.2838406562805176
0.1728982925415039
0.20988082885742188
1.1363675594329834
0.34180307388305664
0.08893227577209473
0.2168748378753662
0.40176892280578613
0.3078420162200928
0.08793163299560547
0.3388235569000244
0.43473196029663086
0.8415184020996094
0.3587956428527832
0.6156456470489502
0.14391851425170898
0.3068242073059082
0.17891550064086914
0.9204549789428711
0.18889236450195312
0.5137233734130859
0.06494307518005371
0.44374585151672363
0.18091750144958496
0.19086956977844238
0.16290926933288574
0.1509110927581787
0.02998638153076172
0.12792515754699707
0.18189382553100586
0.0
0.5806670188903809
0.7915658950805664
0.023986339569091797
0.5366733074188232
0.4687502384185791
0.19187068939208984
0.4687509536743164
0.6226239204406738
0.2978487014770508
0.8035202026367188
0.05399131774902344
0.1828751564025879
0.374783992767334
0.800560474395752
0.33380842208862305
1.6260502338409424
0.0029981136322021484
0.7115926742553711
1.0204133987426758
0.28983402252197266
0.531714677810669
0.4657328128814697
0.07195925712585449
0.4177436828613281
0.25785136222839355
0.8794960975646973
0.18291640281677246
0.6346144676208496
0.01800847053527832
0.03695964813232422
1.4431729316711426
0.40576720237731934
0.6146676540374756
0.34078478813171387
0.7875497341156006
0.1299443244934082
0.11891341209411621
0.024006128311157227
0.2848174571990967
0.251875638961792
0.7005970478057861
0.12690949440002441
0.19488811492919922
0.11295342445373535
0.16590476036071777
0.5106897354125977
0.031981706619262695
0.05996561050415039
0.999427318572998
0.07697343826293945
0.1588912010192871
0.28183841705322266
0.3907749652862549
0.4767272472381592
0.12192940711975098
0.2758610248565674
0.13090872764587402
0.050969839096069336
0.0179901123046875
1.0823776721954346
0.25486207008361816
0.005988359451293945
0.0579686164855957
0.5356926918029785
0.1559288501739502
0.6036345958709717
0.21487879753112793
0.08694815635681152
0.23686671257019043
1.6330811977386475
0.7045962810516357
0.4397289752960205
0.7855498790740967
0.0619664192199707
0.18789386749267578
0.24185800552368164
0.5956780910491943
0.27982020378112793
0.11393523216247559
0.2338848114013672
1.2682549953460693
0.7475907802581787
0.36379098892211914
0.4607357978820801
0.009978294372558594
0.6196420192718506
0.6536448001861572
0.03296184539794922
0.03399944305419922
0.2028646469116211
0.5366926193237305
0.304826021194458
0.5177028179168701
0.23586463928222656
0.24887609481811523
0.05694866180419922
1.389223337173462
0.2768237590789795
0.505713939666748
0.12294387817382812
0.06294560432434082
0.4944453239440918
0.2628476619720459
0.36182665824890137
0.057985544204711914
0.41774892807006836
0.028982877731323242
0.2749156951904297
0.1339430809020996
0.7945265769958496
0.5296955108642578
0.6956024169921875
0.2628514766693115
1.0014421939849854
0.24985718727111816
1.015418529510498
0.17987728118896484
0.029002666473388672
0.5056905746459961
0.19888639450073242
0.41777944564819336
0.7815349102020264
0.019986629486083984
0.1319262981414795
0.005995273590087891
0.047991275787353516
0.49269819259643555
0.11393499374389648
0.06096458435058594
0.008995294570922852
0.4527597427368164
0.013976097106933594
0.22688651084899902
0.5856447219848633
1.0793852806091309
0.9854366779327393
0.5456862449645996
0.14091992378234863
0.25785374641418457
0.5427036285400391
0.2428443431854248
0.035980224609375
0.4607353210449219
0.20588183403015137
0.46775078773498535
0.19387125968933105
0.3388071060180664
0.18591046333312988
0.87847900390625
0.23188543319702148
0.6526272296905518
0.6815907955169678
0.17991375923156738
0.06496286392211914
1.034391164779663
0.32582950592041016
0.43073439598083496
0.14591598510742188
0.1799161434173584
0.48870134353637695
0.9504549503326416
0.023986101150512695
0.3508007526397705
0.35779500007629395
0.02000594139099121
0.650627851486206
0.9594326019287109
0.9174726009368896
0.036980390548706055
0.9814548492431641
0.40075135231018066
1.0743858814239502
0.32381296157836914
0.12192988395690918
0.252856969833374
0.17290115356445312
0.29982805252075195
0.36179137229919434
0.16890287399291992
0.4237790107727051
0.08992815017700195
0.21989178657531738
0.2868359088897705
0.3397862911224365
0.02998661994934082
0.5576763153076172
0.6456317901611328
0.016990184783935547
0.5047283172607422
0.22185373306274414
0.2528567314147949
0.586663007736206
0.18890762329101562
0.05595064163208008
0.05696558952331543
0.5719780921936035
0.7895665168762207
1.2372734546661377
0.20889806747436523
0.30780553817749023
0.028983354568481445
2.004869222640991
0.6076335906982422
0.13192462921142578
0.0019981861114501953
0.2138972282409668
0.8674852848052979
0.6016526222229004
0.15191435813903809
2.289705514907837
0.05095386505126953
1.4161889553070068
0.08994817733764648
0.57267165184021
0.632655143737793
0.18987178802490234
0.6926050186157227
0.6046707630157471
0.30980467796325684
0.22089123725891113
2.2786951065063477
0.6366164684295654
0.042975664138793945
0.1159522533416748
0.44272923469543457
1.1933135986328125
0.705141544342041
0.19693350791931152
0.22991108894348145
0.1481635570526123
0.17508840560913086
0.0359797477722168
0.03527259826660156
0.08694839477539062
0.2618701457977295
0.13590192794799805
0.4990863800048828
0.1328721046447754
0.19989418983459473
0.30887913703918457
0.17716741561889648
0.001982450485229492
0.035994768142700195
0.2499861717224121
0.2547791004180908
0.9069974422454834
1.082744836807251
1.3682353496551514
0.2428607940673828
0.18489384651184082
0.5796506404876709
0.5247232913970947
0.4977085590362549
0.12990784645080566
0.5716714859008789
0.1359415054321289
0.09594416618347168
0.044954776763916016
0.3108232021331787
0.24387860298156738
0.44872450828552246
0.7276012897491455
0.10493993759155273
0.14789581298828125
0.18491339683532715
0.7655422687530518
0.9584507942199707
0.546705961227417
0.0
0.02396869659423828
0.5636777877807617
0.6796083450317383
0.07295823097229004
0.5696752071380615
0.1259453296661377
0.48372316360473633
0.39177656173706055
0.09992289543151855
0.24785852432250977
0.2268691062927246
0.06398296356201172
0.06094527244567871
0.2198934555053711
0.03296184539794922
0.2878544330596924
0.43673229217529297
0.7115919589996338
0.49071741104125977
0.8125536441802979
0.17190217971801758
0.7775542736053467
1.6720232963562012
0.23891115188598633
0.04799151420593262
0.7115921974182129
1.2003123760223389
0.29982829093933105
0.19588851928710938
0.012972831726074219
0.19890618324279785
0.21785664558410645
0.38178133964538574
0.474745512008667
0.0699453353881836
0.521697998046875
0.4387500286102295
0.3947725296020508
0.2738611698150635
0.053968191146850586
0.4107649326324463
0.10891985893249512
1.113379955291748
1.2492668628692627
0.0159912109375
0.4657309055328369
0.05998420715332031
0.6026551723480225
0.9044814109802246
0.2628498077392578
0.3477816581726074
0.011994361877441406
0.2568519115447998
0.021989107131958008
0.21587467193603516
0.39577293395996094
0.48973894119262695
0.26782870292663574
0.23488283157348633
0.3537781238555908
0.947472095489502
0.053972721099853516
0.11393499374389648
0.10893750190734863
0.557680606842041
0.16188812255859375
0.11995148658752441
0.08493208885192871
0.5866823196411133
0.48270535469055176
0.09896135330200195
0.7325611114501953
0.1719207763671875
0.3108041286468506
0.13891839981079102
0.12492942810058594
0.16490483283996582
0.012992620468139648
0.19890522956848145
0.4047524929046631
0.3088216781616211
0.02000594139099121
0.14589691162109375
0.014992952346801758
0.22087407112121582
0.9744582176208496
0.4577188491821289
0.20188498497009277
0.8205306529998779
0.19488930702209473
0.15291118621826172
0.5616967678070068
0.0019989013671875
0.5116887092590332
0.18891024589538574
0.2088789939880371
0.5066916942596436
0.3887958526611328
1.3881864547729492
0.8525295257568359
0.05395174026489258
0.3787825107574463
0.527695894241333
0.0519716739654541
0.12294769287109375
0.9734423160552979
0.025985002517700195
0.09392976760864258
0.09894251823425293
0.6686341762542725
0.06394553184509277
0.2908337116241455
0.0049953460693359375
0.0159909725189209
0.07297754287719727
0.3268120288848877
0.019971132278442383
0.1079397201538086
0.6126649379730225
0.05596804618835449
0.3937554359436035
0.15892791748046875
0.1668856143951416
0.048972129821777344
0.6436305046081543
0.22487497329711914
0.05298590660095215
0.21785855293273926
0.252871036529541
0.11891460418701172
0.06196403503417969
0.038976192474365234
0.0979454517364502
0.6386356353759766
0.8375184535980225
0.00899505615234375
0.0159909725189209
0.5536811351776123
0.25585341453552246
0.8805148601531982
0.08093500137329102
0.16492509841918945
1.1902997493743896
0.41777753829956055
0.3167998790740967
0.5586814880371094
1.0703861713409424
0.3248317241668701
0.7095756530761719
0.6046526432037354
0.6496291160583496
0.011993646621704102
0.3987715244293213
0.08496832847595215
0.5416717529296875
0.5007305145263672
0.2588517665863037
0.3088042736053467
0.143937349319458
0.28583526611328125
0.40576744079589844
0.6636025905609131
0.25687098503112793
0.2648482322692871
0.09292912483215332
0.3907766342163086
0.047971248626708984
0.15590929985046387
0.29383134841918945
0.1299271583557129
0.008994817733764648
0.11095428466796875
0.17787981033325195
0.06696128845214844
0.4527597427368164
0.4717135429382324
0.14493322372436523
0.11393523216247559
0.16590428352355957
0.022986650466918945
0.07695627212524414
0.9544339179992676
0.22986960411071777
0.15093064308166504
0.03896021842956543
0.1039574146270752
0.8564910888671875
0.0020024776458740234
0.06397843360900879
0.2048647403717041
0.29984617233276367
1.1733272075653076
0.222853422164917
0.7805719375610352
0.5666749477386475
0.12391018867492676
0.04697251319885254
0.9924337863922119
0.7735550403594971
0.11193585395812988
0.2398817539215088
1.0563950538635254
0.36179137229919434
0.0030171871185302734
0.15291237831115723
0.09592580795288086
0.13094377517700195
0.13890337944030762
0.042992591857910156
0.4157445430755615
0.28183794021606445
0.13492274284362793
0.012991189956665039
0.050989627838134766
0.7145717144012451
0.16890454292297363
0.1419365406036377
0.6276402473449707
0.6496291160583496
1.015399694442749
0.22788667678833008
1.148324728012085
0.2088792324066162
0.05798506736755371
0.09692978858947754
0.09696006774902344
0.7375602722167969
0.03997516632080078
0.5266978740692139
0.43377089500427246
0.021968364715576172
0.0899498462677002
0.00901174545288086
0.04695558547973633
0.547687292098999
0.30982160568237305
0.0639805793762207
1.239272117614746
0.27783966064453125
0.029982566833496094
0.19888973236083984
0.45775341987609863
0.8315229415893555
0.42577528953552246
0.7255659103393555
1.2612948417663574
0.6676003932952881
1.0144352912902832
0.4417297840118408
0.0070133209228515625
0.2508387565612793
0.6196436882019043
0.03799700736999512
0.31979918479919434
0.04299354553222656
0.7165713310241699
0.06098294258117676
0.14589786529541016
0.23088622093200684
0.024985551834106445
0.2748253345489502
0.5526833534240723
0.08395123481750488
0.324831485748291
0.28383755683898926
0.050952911376953125
0.891507625579834
1.1793043613433838
0.4267754554748535
0.0009989738464355469
0.7605464458465576
0.21889138221740723
0.23986291885375977
0.32879185676574707
0.4647364616394043
0.64662766456604
0.776573657989502
0.06494522094726562
0.12892651557922363
0.33580899238586426
0.6856236457824707
1.1653125286102295
0.8655235767364502
0.006995677947998047
1.6550514698028564
0.1668872833251953
0.08195185661315918
0.4247748851776123
0.6096513271331787
0.5047109127044678
0.046971797943115234
0.14691567420959473
0.08195304870605469
0.17288517951965332
0.12494421005249023
1.0943739414215088
0.3847787380218506
0.03496289253234863
0.06996011734008789
0.41176438331604004
0.5187194347381592
0.4537215232849121
0.37578415870666504
0.4187600612640381
0.029997825622558594
0.17388677597045898
0.4027695655822754
0.34979867935180664
0.8575103282928467
0.7535872459411621
0.41776156425476074
0.1688826084136963
0.05096936225891113
0.640634298324585
0.04397320747375488
0.03599810600280762
0.0199892520904541
0.4287374019622803
0.2228696346282959
0.8285446166992188
1.6960279941558838
0.05994844436645508
0.4067656993865967
0.8365211486816406
0.33182764053344727
0.29781103134155273
0.18189740180969238
0.34780073165893555
0.14091753959655762
0.0180056095123291
0.8954722881317139
0.21089649200439453
0.13490605354309082
0.9004647731781006
0.2938508987426758
0.1389026641845703
0.7545857429504395
0.044954538345336914
0.40377092361450195
0.4277527332305908
1.1783442497253418
0.8954684734344482
0.19288992881774902
0.14693331718444824
0.6466302871704102
0.7755370140075684
0.9844546318054199
0.3717684745788574
0.16090631484985352
0.0939474105834961
0.12992596626281738
0.28185606002807617
0.17588114738464355
0.6256599426269531
0.2578544616699219
1.1393663883209229
0.7995419502258301
0.0639646053314209
0.1049203872680664
0.10993719100952148
0.7435729503631592
0.5287160873413086
0.9304664134979248
0.272824764251709
0.247877836227417
0.6136295795440674
0.04299592971801758
0.6076326370239258
1.0843770503997803
0.10294151306152344
0.3268120288848877
0.19988560676574707
0.1379401683807373
0.00099945068359375
0.20388412475585938
1.2582588195800781
0.048972129821777344
0.10895800590515137
0.21985459327697754
0.8485136032104492
0.10693812370300293
0.04899191856384277
0.2818183898925781
0.1559302806854248
0.20786118507385254
0.3428232669830322
0.38577866554260254
0.4707303047180176
0.2168564796447754
0.04199504852294922
0.3248143196105957
0.15189576148986816
0.17391657829284668
0.9364478588104248
0.15590763092041016
0.15591144561767578
0.060965776443481445
0.2668478488922119
0.48072385787963867
0.026984214782714844
0.032979726791381836
0.25985121726989746
0.4187793731689453
0.21385812759399414
1.4571659564971924
0.13592171669006348
0.80755615234375
0.04097604751586914
0.2628498077392578
0.002994060516357422
0.6556286811828613
0.2728440761566162
0.19788694381713867
0.48672032356262207
0.011993408203125
0.12091302871704102
0.9334642887115479
0.4947175979614258
0.26184988021850586
0.8804950714111328
0.04998922348022461
0.04495692253112793
0.05896425247192383
0.4327733516693115
0.504694938659668
0.13791871070861816
1.1313731670379639
1.1213352680206299
0.6776301860809326
0.3347890377044678
0.6646392345428467
0.024985074996948242
0.5646767616271973
0.008994817733764648
0.07493901252746582
0.057985544204711914
0.023984909057617188
0.04495525360107422
0.3507988452911377
0.2908332347869873
0.14491891860961914
0.17889690399169922
0.15391063690185547
0.29183316230773926
0.2548549175262451
0.13893866539001465
0.29381370544433594
0.790546178817749
1.307269811630249
0.06196403503417969
0.20986223220825195
0.009012460708618164
1.0453829765319824
0.09994173049926758
0.06296586990356445
0.15790939331054688
0.4147799015045166
0.4707164764404297
0.7945587635040283
0.044957637786865234
0.02098870277404785
0.41777682304382324
0.22187352180480957
0.17588019371032715
0.034980058670043945
0.08994936943054199
0.24987411499023438
0.22985219955444336
0.014989614486694336
0.040976762771606445
0.2698628902435303
0.2568526268005371
0.09592676162719727
0.6376359462738037
0.11093473434448242
0.18389439582824707
0.5546824932098389
0.03000187873840332
0.43974757194519043
0.028966426849365234
0.12692689895629883
0.10495781898498535
0.328794002532959
0.15692710876464844
0.37378597259521484
0.5086920261383057
0.4487423896789551
0.12892436981201172
0.054987192153930664
0.06994223594665527
0.3607938289642334
0.09096550941467285
0.377765417098999
0.545687198638916
0.5896615982055664
0.1679227352142334
0.21887493133544922
0.5756692886352539
0.9234533309936523
0.0819551944732666
0.4147603511810303
1.3012542724609375
0.14091753959655762
0.08295607566833496
0.9634461402893066
0.3487992286682129
0.5297157764434814
0.36179208755493164
0.1429004669189453
0.061964988708496094
0.26185059547424316
0.2688448429107666
0.23987984657287598
0.1968698501586914
0.14491677284240723
0.12894415855407715
0.13590312004089355
0.006997108459472656
0.22786998748779297
0.14491534233093262
0.03299975395202637
0.03096485137939453
0.06796002388000488
0.18491268157958984
0.28781867027282715
0.6066691875457764
0.11691474914550781
0.6276402473449707
0.2588508129119873
0.4667322635650635
0.1839141845703125
0.5176851749420166
0.1159517765045166
0.5876443386077881
0.5037312507629395
0.4357318878173828
3.643911361694336
