0.0
0.0
0.0
0.002000570297241211
0.0
0.0
0.002979278564453125
0.00099945068359375
0.0
0.0
0.0019986629486083984
0.0
0.0
0.0029981136322021484
0.0
0.00099945068359375
0.0019991397857666016
0.0
0.002000570297241211
0.00099945068359375
0.0
0.00099945068359375
0.0019986629486083984
0.0
0.0019991397857666016
0.0009980201721191406
0.003998756408691406
0.00099945068359375
0.0019989013671875
0.0019989013671875
0.0010001659393310547
0.0
0.00099945068359375
0.0009987354278564453
0.0009996891021728516
0.0
0.0
0.0019986629486083984
0.003997325897216797
0.0010008811950683594
0.003996372222900391
0.0019991397857666016
0.0019979476928710938
0.0010013580322265625
0.0
0.0
0.0009987354278564453
0.0009987354278564453
0.0
0.003997325897216797
