0.0
0.0010020732879638672
0.0
0.0
0.0
0.0
0.0
0.0
0.0
0.0
0.0
0.0
0.0
0.0009984970092773438
0.0
0.0
0.0
0.0
0.0
0.0
0.0
0.0
0.0
0.0
0.0
0.00099945068359375
0.0
0.0
0.0
0.0
0.0
0.0009992122650146484
0.0009984970092773438
0.0
0.0
0.0
0.0
0.0
0.0010180473327636719
0.0
0.0
0.0
0.0
0.0
0.0
0.0
0.00099945068359375
0.0
0.0
0.0
0.0
0.0
0.0
0.0
0.0
0.0
0.0
0.0
0.0
0.0010006427764892578
0.0
0.0
0.0
0.0
0.0
0.0
0.0
0.00099945068359375
0.0
0.0
0.0
0.0
0.0
0.0
0.0
0.0
0.0
0.0
0.0
0.0
0.0
0.0009987354278564453
0.0
0.0
0.0
0.0
0.0
0.0
0.0
0.0
0.0
0.0
0.0
0.0
0.0
0.0
0.0
0.0
0.0
0.0
0.0
0.0
0.0
0.0
0.0
0.0
0.0
0.0
0.0
0.00099945068359375
0.0
0.0
0.0
0.0
0.0
0.0
0.0
0.0
0.0
0.0
0.0
0.0
0.0
0.0
0.0
0.0
0.0
0.0
0.0
0.0
0.0
0.0
0.0009999275207519531
0.0
0.0
0.0
0.0
0.0
0.0
0.0
0.0
0.0009989738464355469
0.0
0.0
0.0
0.0
0.0
0.0
0.0
0.0
0.0
0.0
0.0
0.0009992122650146484
0.0
0.0
0.0
0.0
0.0
0.0
0.0
0.0
0.0
0.0
0.0
0.0010006427764892578
0.0
0.0
0.0
0.0
0.0
0.0
0.0
0.0
0.0
0.0009982585906982422
0.0
0.0
0.0
0.0
0.0
0.0
0.0
0.0
0.0010001659393310547
0.0
0.0
0.0
0.0
0.0
0.0009813308715820312
0.0
0.0
0.0
0.0
0.0
0.0
0.00099945068359375
0.0
0.0
0.0
0.0
0.0
0.0
0.00099945068359375
0.0
0.0
0.0
0.0
0.0
0.0
0.0
0.0
0.00099945068359375
0.0
0.0
0.0
0.0
0.0
0.0
0.0
0.0
0.0
0.0
0.0
0.0
0.0
0.0
0.0
0.00099945068359375
0.0
0.0
0.0
0.0
0.0
0.0
0.0
0.0
0.00099945068359375
0.0
0.0010135173797607422
0.0
0.0
0.0
0.0
0.0010037422180175781
0.0
0.0
0.0
0.0
0.0
0.0
0.0
0.0
0.0
0.0
0.0
0.0
0.0
0.0
0.0
0.0
0.0
0.0
0.0
0.0
0.0
0.0
0.0
0.0
0.0
0.0
0.0
0.0
0.0
0.0
0.0
0.0
0.0
0.0
0.0
0.0
0.0
0.0009987354278564453
0.0
0.0
0.0
0.0
0.0
0.0
0.0
0.0
0.0
0.001018524169921875
0.0
0.0
0.0
0.0
0.0
0.0
0.0
0.0
0.0009984970092773438
0.0
0.0
0.0
0.0
0.0
0.0
0.0
0.0
0.0
0.0
0.0
0.0
0.0
0.0
0.0
0.0
0.0
0.0009992122650146484
0.0
0.0
0.0
0.0
0.0
0.0
0.0
0.0
0.0
0.0
0.0
0.0
0.0
0.0
0.0
0.0
0.0
0.0
0.0
0.0009996891021728516
0.0
0.0
0.0
0.0
0.0
0.0
0.0
0.0
0.0
0.0
0.0
0.0
0.0
0.0
0.0010001659393310547
0.0
0.0
0.0
0.0
0.0
0.0
0.0
0.0
0.0
0.0009980201721191406
0.0
0.0
0.0
0.0
0.0
0.0
0.0
0.0
0.0009822845458984375
0.0
0.0
0.0
0.0
0.0
0.0
0.0
0.0
0.0
0.0
0.0
0.0
0.0
0.0
0.0
0.0
0.0
0.0
0.0
0.0
0.0
0.0
0.0
0.0
0.0
0.0
0.0
0.0
0.0
0.0
0.0
0.0
0.0
0.0
0.0
0.0
0.0
0.0
0.0
0.0
0.00099945068359375
0.0
0.0
0.0
0.0
0.0
0.0
0.0
0.0
0.0
0.0
0.0
0.0
0.0
0.0
0.0
0.0009996891021728516
0.0
0.0
0.0
0.0
0.0
0.0
0.0
0.0
0.0
0.0009992122650146484
0.0
0.0
0.0
0.0
0.0
0.0
0.0
0.0
0.00099945068359375
0.0
0.0
0.0
0.0
0.0
0.0
0.0
0.0
0.0
0.00099945068359375
0.0
0.0
0.0
0.0
0.0
0.0
0.0
0.0
0.0009996891021728516
0.0
0.0
0.0
0.0
0.0
0.0
0.0
0.0
0.0
0.0
0.0
0.0
0.0
0.0
0.0
0.0009996891021728516
0.0
0.0
0.0
0.0
0.0
0.0
0.0
0.0
0.0009992122650146484
0.0
0.0
0.0
0.0
0.0
0.0
0.0
0.0
0.0
0.0
0.0
0.0
0.0009989738464355469
0.0
0.0
0.0
0.0
0.0
0.0
0.0009996891021728516
0.0
0.0
0.0
0.0
0.0
0.0
0.0
0.0
0.0
0.0
0.0
0.0009992122650146484
0.0
0.0
0.0
0.0
0.0
0.0
0.0010004043579101562
0.0
0.0
0.0
0.0
0.0
0.0
0.0
0.00099945068359375
0.0
0.0
0.0
0.0
0.0
0.0
0.0
0.0
0.0
0.00099945068359375
0.0
0.0
0.0
0.0
0.0
0.0
0.00099945068359375
0.0
0.0
0.0
0.0
0.0
0.0
0.0
0.0
0.0
0.0
0.0
0.0
0.0
0.0
0.0
0.0
0.0
0.0
0.0
0.0009987354278564453
0.0
0.0
0.0
0.0
0.0
0.0
0.0
0.0
0.00099945068359375
0.0
0.0
0.0
0.0
0.0
0.0
0.0
0.0
0.0009992122650146484
0.0
0.0
0.0
0.0
0.0
0.0
0.0
0.0
0.001001596450805664
0.0
0.0
0.0
0.0
0.0
0.0
0.0
0.0009987354278564453
0.0
0.0
0.0
0.0
0.0
0.0
0.0
0.0009992122650146484
0.0
0.0
0.0
0.0
0.0
0.0
0.0
0.0
0.0
0.0
0.00099945068359375
0.0
0.0
0.0
0.0
0.00099945068359375
0.0
0.0
0.0
0.0
0.0
0.0
0.0
0.0
0.0
0.0010173320770263672
0.0
0.0
0.0
0.0
0.0
0.0
0.0
0.0
0.0
0.0
0.0
0.0
0.0
0.0
0.0009810924530029297
0.0
0.0
0.0
0.0
0.0
0.0
0.0009992122650146484
0.0
0.0
0.0
0.0
0.0
0.0
0.0010008811950683594
0.0
0.0
0.0
0.0
0.0
0.0
0.0
0.0
0.0
0.0010170936584472656
0.0
0.0
0.0
0.0
0.0
0.0
0.0
0.0
0.0
0.0
0.0
0.0
0.0
0.0
0.0
0.0
0.000997781753540039
0.0
0.0
0.0
0.0
0.0
0.0
0.0
0.0
0.0
0.0
0.001001119613647461
0.0
0.0
0.0
0.0
0.0
0.0
0.0
0.0
0.0
0.0009975433349609375
0.0
0.0
0.0
0.0
0.0
0.0
0.0
0.0
0.0
0.0
0.0
0.0
0.0
0.0010004043579101562
0.0
0.0
0.0
0.0
0.0
0.0
0.0
0.0
0.0
0.0
0.0009987354278564453
0.0
0.0
0.0
0.0
0.0
0.0
0.0
0.0010001659393310547
0.0
0.0
0.0
0.0
0.0
0.0
0.0
0.0009984970092773438
0.0
0.0
0.0
0.0
0.0
0.0
0.0
0.0010027885437011719
0.0
0.0
0.0
0.0
0.0
0.0
0.0
0.0
0.0
0.0009961128234863281
0.0
0.0
0.0
0.0
0.0
0.0
0.0
0.0
0.0
0.0
0.00099945068359375
0.0
0.0
0.0
0.0
0.0
0.0
0.0
0.0
0.0
0.0009992122650146484
0.0
0.0
0.0
0.0
0.0
0.0
0.0
0.0
0.0009996891021728516
0.0
0.0
0.0
0.0
0.0
0.0
0.0
0.0
0.0
0.0009996891021728516
0.0
0.0
0.0
0.0
0.0
0.0
0.00099945068359375
0.0
0.0
0.0
0.0
0.0
0.0
0.0
0.0
0.0
0.0
0.0
0.0
0.0
0.0
0.0
0.0
0.0
0.0009999275207519531
0.0
0.0
0.0
0.0
0.0
0.0
0.0
0.0
0.0
0.0
0.0
0.0009989738464355469
0.0
0.0
0.0
0.0
0.0
0.0
0.0
0.0
0.0
0.0
0.0
0.0
0.0
0.0
0.0
0.0
0.0
0.0
0.0
0.0
0.0
0.0
0.00099945068359375
0.0
0.0
0.0
0.0
0.0
0.0
0.0
0.0
0.0
0.0
0.00099945068359375
0.0
0.0
0.0
0.0
0.0
0.0
0.0
0.0010128021240234375
0.0
0.0
0.0
0.0
0.0
0.001009225845336914
0.0
0.0
0.0
0.0
0.0
0.0
0.0
0.0
0.0
0.0
0.0
0.0
0.0
0.0009946823120117188
0.0
0.0
0.0
0.0
0.0
0.0
0.0
0.0
0.00099945068359375
0.0
0.0
0.0
0.0
0.0
0.0
0.0
0.0
0.0
0.0
0.0009818077087402344
0.0
0.0
0.0
0.0
0.0
0.0
0.0
0.0010173320770263672
0.0
0.0
0.0
0.0
0.0
0.0
0.0
0.0
0.0
0.0
0.0
0.0
0.0
0.0
0.0
0.0
0.0
0.0
0.0
0.0010194778442382812
0.0
0.0
0.0
0.0
0.0
0.0
0.0
0.0009810924530029297
0.0
0.0
0.0
0.0
0.0
0.0
0.0
0.0009980201721191406
0.0
0.0
0.0
0.0
0.0
0.0
0.0
0.0
0.0
0.0
0.0
0.00099945068359375
0.0
