17.158824920654297
9.254746675491333
4.12463641166687
6.743137359619141
12.652746677398682
2.018843412399292
15.546130657196045
5.351584434509277
11.115303754806519
13.066585779190063
28.110353469848633
4.97166109085083
30.81507706642151
15.620051860809326
7.461402416229248
3.3782122135162354
9.55021357536316
4.673328876495361
0.0879354476928711
15.865748405456543
9.848172903060913
14.767551183700562
13.075507402420044
0.42876720428466797
7.556670188903809
13.800384044647217
4.242558479309082
4.027673959732056
4.807246685028076
23.192710876464844
5.046667814254761
1.8349621295928955
11.817737579345703
4.434438228607178
2.4995505809783936
8.120347738265991
0.31380462646484375
14.215873003005981
13.435288190841675
9.785411357879639
10.684891700744629
7.172882318496704
0.596670389175415
6.6092469692230225
9.95031452178955
32.66528916358948
17.973714113235474
5.110065460205078
4.182608127593994
3.6449294090270996
9.309770822525024
23.46135973930359
0.8745148181915283
1.772996187210083
0.0659639835357666
7.144903659820557
16.190715074539185
0.07396268844604492
0.30882883071899414
4.136724472045898
4.366497278213501
0.7146093845367432
5.657753944396973
5.901607275009155
11.422055006027222
4.149638652801514
18.605355262756348
10.373041152954102
24.70586347579956
27.37931489944458
11.879212379455566
28.591623544692993
20.024556398391724
1.006437063217163
2.982287883758545
1.6070940494537354
5.445879220962524
10.315323829650879
5.251988410949707
6.005558729171753
14.064943313598633
3.0152859687805176
10.671882629394531
8.997851610183716
29.9459388256073
11.394484519958496
5.966595649719238
12.81267237663269
2.5825133323669434
33.12003755569458
1.6780381202697754
0.9634602069854736
7.042977809906006
18.47942590713501
5.814677000045776
28.356691122055054
4.942178964614868
3.186177968978882
0.11594796180725098
8.637049436569214
4.366499900817871
3.165187358856201
0.1629033088684082
2.150768280029297
25.875202178955078
4.732301712036133
3.9437413215637207
0.8974878787994385
0.8255436420440674
4.9861414432525635
0.3527829647064209
0.951453447341919
0.7436075210571289
16.323059558868408
4.8772056102752686
10.115195274353027
6.619626998901367
8.629814386367798
2.5841522216796875
7.359194040298462
12.985050201416016
6.556241750717163
1.3981869220733643
6.739152669906616
9.530562162399292
9.62448239326477
6.816110849380493
0.5826492309570312
0.6056499481201172
1.0354230403900146
8.097259283065796
3.572953224182129
5.553831577301025
22.098350286483765
12.782673120498657
27.73011016845703
4.861455678939819
3.8857836723327637
2.1257779598236084
1.1923191547393799
4.312524318695068
0.46872758865356445
29.576069593429565
29.91287612915039
0.12592554092407227
14.03495979309082
6.990993499755859
4.546452522277832
16.82236123085022
0.5959274768829346
2.7721266746520996
22.497825384140015
0.18889117240905762
0.2988417148590088
5.508844375610352
3.7478530406951904
5.046113729476929
2.843369960784912
36.44016218185425
2.153765916824341
0.8455195426940918
7.571660995483398
1.7829864025115967
12.13801884651184
15.720989227294922
2.964296579360962
17.367051601409912
1.059394359588623
3.592937707901001
21.82074499130249
1.2792649269104004
1.3542218208312988
3.6419119834899902
3.8038439750671387
0.07895565032958984
4.586394786834717
7.7341859340667725
0.0009965896606445312
5.825845241546631
31.624042987823486
9.10533356666565
0.9760003089904785
22.00638484954834
0.9874176979064941
22.579086542129517
2.4465980529785156
15.098335266113281
27.586151361465454
4.275048017501831
21.43052315711975
9.33105206489563
13.906059503555298
9.996273756027222
12.607773303985596
37.854400634765625
16.336645364761353
0.9074785709381104
20.03052258491516
27.412312269210815
4.002704620361328
1.4282033443450928
2.9373326301574707
0.03897547721862793
17.386044025421143
5.606814384460449
10.338075160980225
22.799938917160034
8.34323501586914
9.160747051239014
1.7020244598388672
2.2227396965026855
10.25812292098999
7.042966365814209
5.021122694015503
8.006409168243408
4.157626628875732
2.680475950241089
5.438669204711914
29.171303749084473
4.573395252227783
20.901012182235718
19.247969150543213
8.85393238067627
5.996580123901367
1.7659859657287598
6.901046514511108
8.968863725662231
9.280801057815552
2.706451416015625
0.6276383399963379
5.539826154708862
2.524538993835449
6.992001533508301
2.973301649093628
0.12394118309020996
16.64291739463806
7.0169618129730225
48.2409987449646
13.27653956413269
26.178016185760498
14.256826162338257
0.27684617042541504
8.070389747619629
3.5469677448272705
33.99750900268555
3.3940534591674805
4.050681829452515
13.695154905319214
3.7718353271484375
16.64851403236389
85.80805349349976
8.954416513442993
4.601374626159668
2.0807902812957764
0.3348252773284912
9.247272491455078
13.394413232803345
9.721024990081787
0.6076509952545166
14.353619813919067
25.342132568359375
5.1230788230896
6.8545920848846436
25.048744440078735
10.340092897415161
5.157082796096802
1.2462856769561768
2.442598581314087
1.371232032775879
11.699805498123169
13.601438522338867
24.967434406280518
6.146064281463623
15.5394766330719
13.746342182159424
0.31383371353149414
3.707979917526245
6.2099854946136475
83.46044373512268
11.533510446548462
4.209965467453003
5.92458176612854
6.970012903213501
3.0052974224090576
9.826746225357056
5.398836135864258
4.68079400062561
3.8504161834716797
6.595242261886597
2.7693257331848145
2.4864397048950195
6.409645318984985
2.809391736984253
23.422412872314453
1.9028961658477783
23.903318881988525
9.354624032974243
5.476236820220947
3.7553319931030273
11.98823094367981
0.15890717506408691
27.104687452316284
4.5498857498168945
3.358103036880493
1.8539369106292725
5.862655162811279
4.288524866104126
11.09464168548584
1.0303926467895508
10.067229747772217
1.135345697402954
2.5475597381591797
10.444028377532959
3.759845018386841
6.408328533172607
11.660315990447998
17.333354234695435
7.653616666793823
3.2001841068267822
0.4957258701324463
8.953868865966797
3.0762391090393066
12.48484206199646
2.453606367111206
3.074251651763916
4.095668077468872
1.1273510456085205
40.93062090873718
9.170743465423584
3.046267509460449
2.6704659461975098
8.237278938293457
1.0453989505767822
7.522698879241943
0.805523157119751
1.8029487133026123
7.501682996749878
0.23785948753356934
3.35705828666687
1.0433857440948486
28.53465509414673
4.905200004577637
17.989676475524902
21.71355366706848
2.456587553024292
0.40776681900024414
1.225299596786499
5.13407826423645
1.9568817615509033
3.7978272438049316
29.24224352836609
10.87878131866455
4.999133586883545
1.196319341659546
9.708456039428711
15.111360549926758
26.10302734375
2.2187421321868896
13.7211434841156
2.391644239425659
12.798684358596802
9.218713521957397
4.561370611190796
12.476847171783447
8.94885516166687
37.76234579086304
17.564939975738525
3.0182809829711914
7.180887937545776
4.659313440322876
3.8707940578460693
29.872869729995728
1.4621741771697998
9.852367162704468
6.720153331756592
2.7374117374420166
14.173877954483032
13.624173164367676
5.968559503555298
0.3827822208404541
2.4066367149353027
4.030707597732544
4.7112791538238525
22.501105546951294
13.868066549301147
5.578821182250977
0.4807422161102295
24.81979727745056
12.485843658447266
13.16654920578003
5.043107509613037
0.39875316619873047
1.5970828533172607
8.49514627456665
2.6874778270721436
3.98771333694458
3.3550617694854736
8.614063501358032
6.145476341247559
6.889054536819458
4.108646392822266
3.6768763065338135
9.230724811553955
13.568229913711548
9.52256155014038
2.3386542797088623
6.607220888137817
27.022495985031128
2.4356110095977783
4.458444595336914
1.259279489517212
4.4034810066223145
11.202594757080078
22.54808259010315
1.2012965679168701
4.305550575256348
0.41776251792907715
17.659894227981567
7.144921541213989
4.46044135093689
3.7508633136749268
2.7174205780029297
1.1133756637573242
2.7014541625976562
15.166307926177979
6.3483664989471436
4.196589708328247
7.890497446060181
3.5479648113250732
5.405900716781616
12.68136715888977
17.98372530937195
5.733728408813477
0.1139519214630127
0.7625770568847656
4.298343658447266
3.7018964290618896
9.224202871322632
13.021556854248047
5.698735237121582
8.349231481552124
5.946590423583984
7.962435245513916
9.701455116271973
27.761105060577393
1.2363011837005615
12.700741052627563
6.620208024978638
1.390221118927002
1.113379716873169
42.711546659469604
7.522701978683472
0.8775146007537842
17.62790322303772
2.108804225921631
6.855076313018799
6.922036170959473
14.265829801559448
9.864357948303223
1.8799083232879639
2.7554235458374023
2.554553270339966
0.9744398593902588
10.5899498462677
28.18183922767639
4.368485450744629
5.600789308547974
1.4031932353973389
7.6286327838897705
8.652029752731323
9.627499341964722
4.150622367858887
2.1807472705841064
6.24941349029541
0.6666147708892822
9.652471780776978
10.474987268447876
14.46472430229187
7.670608758926392
0.14093661308288574
4.636361837387085
27.865051984786987
0.8175303936004639
8.011406898498535
28.510683298110962
16.89130473136902
2.169774293899536
19.170017957687378
5.709310293197632
20.350359439849854
8.007413864135742
9.621490478515625
7.704584836959839
0.7625777721405029
19.911967039108276
4.055673599243164
0.8904919624328613
0.30280613899230957
3.7748358249664307
1.1233561038970947
4.155629396438599
10.209152221679688
2.975292921066284
9.020829439163208
18.012681245803833
3.3310134410858154
3.4233176708221436
7.1219189167022705
8.080383539199829
0.6006534099578857
4.140625
6.22244668006897
89.95045709609985
24.7898006439209
11.833219528198242
7.763549566268921
0.037992238998413086
14.42873215675354
7.392761707305908
69.57512354850769
13.947007417678833
2.0008668899536133
102.64518523216248
0.9104773998260498
1.3791964054107666
47.01306104660034
55.18438482284546
11.163601875305176
5.57880425453186
44.43353581428528
26.669708013534546
12.22397780418396
33.60176157951355
19.686733722686768
11.146603345870972
9.131789207458496
3.6618831157684326
0.6906018257141113
8.729013442993164
0.843531608581543
0.5926718711853027
3.7448697090148926
11.494397401809692
20.87905192375183
7.476698637008667
25.75524353981018
6.386319160461426
1.140364408493042
2.0987961292266846
2.9942946434020996
4.471436262130737
0.08694934844970703
1.9588818550109863
6.001575708389282
1.6910350322723389
15.751970767974854
27.054513454437256
6.536273241043091
57.49507284164429
2.78739333152771
3.6259407997131348
4.831249952316284
16.402589082717896
0.1389329433441162
3.4260518550872803
4.557389497756958
12.249999284744263
2.6674892902374268
7.180888414382935
6.719134330749512
5.805691957473755
5.765700340270996
11.922168493270874
4.28554368019104
1.6350650787353516
1.3062658309936523
15.253273010253906
55.346285820007324
0.8635177612304688
0.22187209129333496
7.820520401000977
15.22125768661499
18.090636730194092
12.508833169937134
0.8535282611846924
6.137498378753662
4.04170298576355
15.656042337417603
0.007004737854003906
7.429759979248047
10.009264469146729
0.3757796287536621
16.091797351837158
3.393066883087158
3.0152719020843506
11.320525169372559
4.21458888053894
19.928598880767822
4.801262140274048
7.89647364616394
6.07952880859375
10.972707509994507
1.3622372150421143
7.9644505977630615
0.5846643447875977
19.254982709884644
15.216280698776245
0.9534320831298828
7.194873332977295
9.277662992477417
37.454533100128174
11.20555567741394
9.181721210479736
0.94647216796875
1.8449556827545166
2.162752866744995
6.8420960903167725
11.993104934692383
0.6536273956298828
2.085806369781494
13.271397113800049
12.020116090774536
4.454449415206909
0.08397531509399414
1.3952176570892334
4.522423267364502
2.2946834564208984
11.230581521987915
1.3572227954864502
5.756720781326294
17.055246591567993
0.9224729537963867
5.683758735656738
8.758972644805908
11.27556037902832
6.938035488128662
6.679174184799194
2.7933919429779053
0.8655250072479248
9.255718469619751
15.09535002708435
0.4197571277618408
4.795249700546265
9.830367088317871
7.042964220046997
6.222437381744385
5.1560423374176025
2.1887588500976562
7.61162257194519
0.5676736831665039
0.5576803684234619
10.670885562896729
4.434461355209351
6.547250747680664
4.459458112716675
7.77253532409668
16.748404264450073
2.8643548488616943
14.633617877960205
4.428436279296875
0.6326351165771484
6.677173137664795
2.917318105697632
6.1884520053863525
8.486151218414307
0.6136655807495117
6.889055013656616
4.8332343101501465
5.79369592666626
8.55809497833252
7.993393898010254
7.697593450546265
1.9149043560028076
0.9414618015289307
10.082217693328857
0.39577698707580566
4.570385217666626
8.165319681167603
0.1848609447479248
1.8299355506896973
2.665475368499756
20.22241473197937
2.814401149749756
0.33879804611206055
3.395052671432495
9.588520288467407
1.2383019924163818
8.968863010406494
4.292551040649414
0.5776815414428711
6.258413553237915
0.3268115520477295
0.052951812744140625
0.08297348022460938
1.284278392791748
1.7629902362823486
4.656327486038208
3.5719525814056396
15.08933424949646
1.008415699005127
1.350224494934082
0.7565784454345703
4.516411304473877
3.3870797157287598
1.632063627243042
2.015840768814087
7.0519328117370605
2.9313323497772217
0.5136950016021729
2.45959210395813
7.562664031982422
7.055978775024414
5.4770121574401855
1.9429042339324951
8.038410663604736
4.935186862945557
4.1586315631866455
0.9794411659240723
3.848773241043091
24.370033979415894
6.046528577804565
5.295966386795044
0.29384875297546387
2.927302837371826
4.958173990249634
14.639610528945923
2.683448314666748
8.444167137145996
5.595808744430542
5.357927322387695
4.731290578842163
6.4402992725372314
5.912590503692627
2.6544790267944336
2.5175724029541016
1.9618937969207764
5.934601783752441
9.526530504226685
10.459008693695068
2.744410753250122
4.702326536178589
4.5933849811553955
2.558547019958496
4.855223655700684
4.804260730743408
3.801839590072632
1.4551851749420166
1.6050779819488525
3.869784116744995
9.243724346160889
14.00397515296936
0.5586977005004883
12.59678030014038
8.186312675476074
6.716155529022217
1.0764002799987793
7.193857431411743
1.7100367546081543
22.472122192382812
0.9354822635650635
7.5277016162872314
29.273234128952026
1.9468998908996582
1.575118064880371
0.3688058853149414
2.1217992305755615
5.590796947479248
4.843206167221069
13.332380056381226
4.051677703857422
8.548123121261597
19.405879020690918
4.263575792312622
14.885470628738403
0.9534683227539062
4.8981711864471436
6.210440397262573
0.8045563697814941
9.091789484024048
5.159060001373291
25.47940468788147
2.794402837753296
0.22286224365234375
11.19955587387085
2.0338363647460938
1.2942564487457275
7.495722532272339
7.001002550125122
1.9278910160064697
13.815099954605103
1.7969639301300049
8.30925965309143
10.213127374649048
4.296519756317139
8.3112211227417
11.383475303649902
0.08794546127319336
0.8075439929962158
13.271412372589111
7.02799391746521
9.538535833358765
9.322659730911255
2.7514028549194336
4.705318927764893
2.9872734546661377
3.6159451007843018
0.6376512050628662
0.0010302066802978516
0.6396293640136719
3.083254098892212
6.420297861099243
4.430480003356934
2.435622215270996
12.890612363815308
1.2642641067504883
21.97042202949524
4.322508811950684
3.0822136402130127
5.791679620742798
13.137451648712158
0.33280515670776367
4.221582412719727
6.079519748687744
16.59851050376892
0.8655247688293457
16.887341737747192
8.48011827468872
25.98712921142578
5.930622339248657
1.3062717914581299
17.013249397277832
2.3826498985290527
2.229721784591675
0.3598144054412842
2.235732316970825
2.860381603240967
8.489156007766724
12.875639200210571
1.561121940612793
0.34678220748901367
3.4460225105285645
1.1193561553955078
1.875939130783081
3.8827943801879883
2.6344895362854004
3.961728096008301
5.146048545837402
0.39475584030151367
2.1937336921691895
4.474433183670044
0.7795319557189941
1.7210066318511963
18.96812915802002
1.517146110534668
5.3479530811309814
3.341099739074707
2.594511032104492
7.213844060897827
3.733877182006836
2.6364777088165283
5.771684169769287
2.9912757873535156
6.3013927936553955
5.409897327423096
2.374640703201294
1.7460041046142578
4.329538345336914
1.4351716041564941
4.947141885757446
2.648477792739868
1.4172084331512451
3.997720956802368
0.8645036220550537
2.5895135402679443
2.783421516418457
26.915587902069092
9.883356094360352
1.5921032428741455
3.8078410625457764
8.307239770889282
4.713320970535278
0.6616158485412598
0.3518192768096924
19.342920541763306
4.392465829849243
8.117328882217407
7.023976564407349
0.48174428939819336
16.458566188812256
5.0531251430511475
3.5329716205596924
5.1990227699279785
10.083229303359985
2.8163833618164062
5.041100025177002
10.198177814483643
1.2662954330444336
9.776419401168823
4.368497610092163
16.16076111793518
15.148333072662354
5.580811023712158
0.09394359588623047
5.897635221481323
5.831676006317139
1.1123571395874023
26.448837518692017
17.21718430519104
6.221451759338379
3.1931607723236084
0.8125360012054443
1.3592243194580078
1.859928846359253
0.7275810241699219
0.30782532691955566
3.577970027923584
2.703464984893799
11.325506925582886
0.4157378673553467
2.550537586212158
17.104185819625854
0.9744448661804199
0.6796128749847412
5.340914726257324
8.783987045288086
0.521700382232666
8.137358665466309
1.9528899192810059
5.111067533493042
0.18988680839538574
7.751579284667969
2.7434473037719727
3.379059314727783
5.661755084991455
6.440313100814819
3.9127540588378906
0.4807260036468506
6.4333014488220215
9.956291437149048
0.06496572494506836
6.174441337585449
0.7215745449066162
3.5060086250305176
12.245961904525757
0.19390249252319336
0.03595876693725586
10.971715450286865
2.42261004447937
3.8308143615722656
0.35580992698669434
3.3930511474609375
2.770409345626831
3.4840247631073
1.2123019695281982
0.06296491622924805
9.764420986175537
1.083378553390503
21.4437153339386
0.875502347946167
11.320507764816284
0.6426527500152588
0.2288656234741211
0.798558235168457
2.174772024154663
1.263275146484375
1.3442473411560059
2.9523215293884277
7.978446960449219
11.662314414978027
13.5322425365448
0.6006360054016113
7.399762868881226
0.702613115310669
16.662473440170288
10.676899671554565
6.434312582015991
2.2976810932159424
3.0802249908447266
0.6896255016326904
7.7205939292907715
1.3252618312835693
7.6636269092559814
0.5386931896209717
0.44074392318725586
13.406327962875366
9.267711162567139
3.788825035095215
7.930464506149292
0.17989277839660645
3.831819772720337
5.198002099990845
0.6026709079742432
1.5691163539886475
0.6306350231170654
2.8094046115875244
8.622050285339355
13.412349939346313
1.9319117069244385
7.7345476150512695
2.8013927936553955
