0.2598690986633301
1.16133451461792
0.17787981033325195
0.15293097496032715
0.4517233371734619
0.025003433227539062
0.19488835334777832
0.819530725479126
1.0694043636322021
0.4837033748626709
0.8764994144439697
0.4947340488433838
0.9214718341827393
0.09392714500427246
0.15892863273620605
0.717587947845459
0.7065956592559814
0.07793784141540527
0.035979270935058594
0.28583693504333496
0.626640796661377
0.35781240463256836
0.5656571388244629
0.16790437698364258
0.27984046936035156
0.08295059204101562
0.023985862731933594
0.3428049087524414
0.017991065979003906
0.3348245620727539
0.38276219367980957
0.08295297622680664
0.47373032569885254
0.2168745994567871
0.16390490531921387
0.31983494758605957
0.1309051513671875
0.42575645446777344
0.2608511447906494
0.2998464107513428
0.11093688011169434
0.16389083862304688
0.49073314666748047
0.390758752822876
0.5636961460113525
0.8454947471618652
0.3248329162597656
1.0403859615325928
0.5706934928894043
0.3997492790222168
