0.0
0.0
0.002997875213623047
0.004998922348022461
0.00099945068359375
0.0029976367950439453
0.002000570297241211
0.0
0.0009982585906982422
0.0019989013671875
0.0
0.0
0.0019989013671875
0.0029976367950439453
0.0
0.00099945068359375
0.0029969215393066406
0.0
0.0019986629486083984
0.0
0.003003835678100586
0.0009958744049072266
0.0029981136322021484
0.0019991397857666016
0.0019986629486083984
0.00099945068359375
0.0
0.00299835205078125
0.0011241436004638672
0.0009942054748535156
0.0
0.0009970664978027344
0.0
0.0
0.0010008811950683594
0.0020017623901367188
0.0009963512420654297
0.0
0.0029976367950439453
0.0029981136322021484
0.0010008811950683594
0.0009980201721191406
0.00299835205078125
0.0009987354278564453
0.0010013580322265625
0.0009989738464355469
0.001999378204345703
0.001998424530029297
0.0029981136322021484
0.024985313415527344
0.005997657775878906
0.003996610641479492
0.001999378204345703
0.0009999275207519531
0.0009975433349609375
0.0009999275207519531
0.0009989738464355469
0.0029990673065185547
0.001999378204345703
0.0019979476928710938
0.0
0.0009989738464355469
0.001001119613647461
0.002997159957885742
0.0009999275207519531
0.0019981861114501953
0.0
0.005995988845825195
0.002998828887939453
0.002997875213623047
0.0
0.0010030269622802734
0.0009963512420654297
0.0019979476928710938
0.0019996166229248047
0.0009999275207519531
0.0
0.0009989738464355469
0.0029981136322021484
0.0010001659393310547
0.009993314743041992
0.006996870040893555
0.006995677947998047
0.002001523971557617
0.0009958744049072266
0.003001689910888672
0.0019958019256591797
0.0
0.0009999275207519531
0.0009987354278564453
0.0019991397857666016
0.0
0.003001689910888672
0.001995086669921875
0.0019996166229248047
0.003996849060058594
0.0009996891021728516
0.0
0.0019991397857666016
0.002999544143676758
0.0069942474365234375
0.0
0.004998922348022461
0.0009963512420654297
0.00099945068359375
0.0010006427764892578
0.0019989013671875
0.004996299743652344
0.0019989013671875
0.00099945068359375
0.0069959163665771484
0.0029976367950439453
0.0020020008087158203
0.007993936538696289
0.0029990673065185547
0.000997304916381836
0.003997802734375
0.00099945068359375
0.0029981136322021484
0.007994890213012695
0.008996248245239258
0.0029973983764648438
0.0039975643157958984
0.0009989738464355469
0.0
0.0019998550415039062
0.0009989738464355469
0.00099945068359375
0.0019989013671875
0.00099945068359375
0.0049974918365478516
0.0019981861114501953
0.0019986629486083984
0.0010004043579101562
0.003996849060058594
0.008997440338134766
0.0
0.0019974708557128906
0.004996776580810547
0.008994817733764648
0.0019991397857666016
0.0010001659393310547
0.0020008087158203125
0.0059931278228759766
0.0
0.006996631622314453
0.0
0.0009996891021728516
0.006994485855102539
0.003002166748046875
0.0009965896606445312
0.0009989738464355469
0.0010006427764892578
0.0019981861114501953
0.0019989013671875
0.011992931365966797
0.0
0.00099945068359375
0.012992382049560547
0.0009996891021728516
0.003997087478637695
0.0019991397857666016
0.003997087478637695
0.001999378204345703
0.03098273277282715
0.005995988845825195
0.0010106563568115234
0.0059871673583984375
0.00799417495727539
0.0009992122650146484
0.004997730255126953
0.003997087478637695
0.03098273277282715
0.022990942001342773
0.006992816925048828
0.0010006427764892578
0.0009982585906982422
0.0
0.002000570297241211
0.0019979476928710938
0.0
0.001996755599975586
0.001999378204345703
0.0
0.0009982585906982422
0.0
0.0049974918365478516
0.002004861831665039
0.01598215103149414
0.0009999275207519531
0.001996278762817383
0.0019996166229248047
0.0039975643157958984
0.0009999275207519531
0.0029976367950439453
0.00099945068359375
0.0010001659393310547
0.0
0.0009987354278564453
0.0009999275207519531
0.0
0.0019981861114501953
0.0019996166229248047
0.002001523971557617
0.0009968280792236328
0.0029981136322021484
0.0029973983764648438
0.004998445510864258
0.0019974708557128906
0.0029985904693603516
0.0
0.0020020008087158203
0.0009968280792236328
0.0019989013671875
0.002999544143676758
0.0
0.00099945068359375
0.011993169784545898
0.012995004653930664
0.0023145675659179688
0.0
0.0
0.006994724273681641
0.002000570297241211
0.0019974708557128906
0.0
0.0009999275207519531
0.003997802734375
0.0019981861114501953
0.013991832733154297
0.003998517990112305
0.00099945068359375
0.0
0.003000497817993164
0.004994630813598633
0.0
0.0029990673065185547
0.0009992122650146484
0.003998994827270508
0.0
0.0019974708557128906
0.001999378204345703
0.0029981136322021484
0.0
0.002997875213623047
0.0
0.00299835205078125
0.00899505615234375
0.0019986629486083984
0.00099945068359375
0.0019981861114501953
0.0009996891021728516
0.0
0.0
0.003999233245849609
0.001003265380859375
0.0
0.0
0.0019943714141845703
0.002999544143676758
0.0009980201721191406
0.0
0.00299835205078125
0.0059969425201416016
0.001998424530029297
0.00099945068359375
0.0
0.0019981861114501953
0.00099945068359375
0.001999378204345703
0.0029976367950439453
0.00299835205078125
0.0
0.0
0.005997180938720703
0.0
0.0
0.005995750427246094
0.0019989013671875
0.004998207092285156
0.0010001659393310547
0.0009982585906982422
0.0019986629486083984
0.0009996891021728516
0.0029973983764648438
0.00099945068359375
0.002998828887939453
0.0010020732879638672
0.001996755599975586
0.0
0.0
0.00299835205078125
0.00099945068359375
0.0009984970092773438
0.0
0.0019986629486083984
0.0029993057250976562
0.0049970149993896484
0.0009984970092773438
0.0
0.00099945068359375
0.001999378204345703
0.0009987354278564453
0.0010001659393310547
0.0019974708557128906
0.0
0.004002094268798828
0.0
0.001993894577026367
0.0
0.00099945068359375
0.0010008811950683594
0.000997781753540039
0.0019996166229248047
0.0
0.003997802734375
0.0
0.0009987354278564453
0.0029976367950439453
0.0009999275207519531
0.00099945068359375
0.0009999275207519531
0.0010004043579101562
0.0
0.0019989013671875
0.006994009017944336
0.002998828887939453
0.001998424530029297
0.0
0.0009999275207519531
0.0009989738464355469
0.0019981861114501953
0.0010004043579101562
0.0029985904693603516
0.0039980411529541016
0.0009987354278564453
0.0009989738464355469
0.0019998550415039062
0.0009989738464355469
0.0
0.0
0.0009989738464355469
0.0
0.001005411148071289
0.001993417739868164
0.002999544143676758
0.0019981861114501953
0.0
0.007994413375854492
0.005997419357299805
0.0009992122650146484
0.0
0.006005525588989258
0.000993967056274414
0.0009953975677490234
0.0010035037994384766
0.0
0.010991573333740234
0.0029969215393066406
0.002997875213623047
0.0059986114501953125
0.005996227264404297
0.0010004043579101562
0.0009968280792236328
0.001999378204345703
0.0029981136322021484
0.0059969425201416016
0.0009987354278564453
0.0
0.0019996166229248047
0.0009989738464355469
0.0
0.0
0.001998424530029297
0.00099945068359375
0.009994745254516602
0.0069959163665771484
0.0
0.0009989738464355469
0.0039975643157958984
0.0019998550415039062
0.0030002593994140625
0.001997709274291992
0.0029969215393066406
0.0009992122650146484
0.0030035972595214844
0.0
0.0019969940185546875
0.001004934310913086
0.0
0.0009999275207519531
0.0009987354278564453
0.003997325897216797
0.0029976367950439453
0.0
0.0
0.001999378204345703
0.0019989013671875
0.0
0.0
0.0029993057250976562
0.001998424530029297
0.0009992122650146484
0.00099945068359375
0.001998424530029297
0.0
0.00099945068359375
0.0
0.003998517990112305
0.004997968673706055
0.0
0.003996372222900391
0.003997087478637695
0.0010001659393310547
0.0009989738464355469
0.0059969425201416016
0.0
0.004996776580810547
0.0
0.002000093460083008
0.0029973983764648438
0.0019991397857666016
0.0009989738464355469
0.0029981136322021484
0.0
0.0059964656829833984
0.0
0.00099945068359375
0.0
0.0
0.00099945068359375
0.0
0.003998279571533203
0.0
0.0009996891021728516
0.0
0.00099945068359375
0.0
0.0
0.0009984970092773438
0.0030002593994140625
0.0
0.007993459701538086
0.006997108459472656
0.0019998550415039062
0.0009982585906982422
0.001998424530029297
0.002999544143676758
0.0
0.0019986629486083984
0.00699615478515625
0.0030002593994140625
0.0
0.0009999275207519531
0.0
0.003996849060058594
0.0009996891021728516
0.0010025501251220703
0.0
0.0
0.0009984970092773438
0.0
0.000997304916381836
0.0009999275207519531
0.0
0.0019989013671875
0.0009989738464355469
0.0010004043579101562
0.0
0.0009987354278564453
0.002998828887939453
0.0009984970092773438
0.0
0.00099945068359375
0.001998424530029297
0.0
0.00099945068359375
0.0010001659393310547
0.0009992122650146484
0.0
0.0019986629486083984
0.001999378204345703
0.0
0.0029973983764648438
0.0030014514923095703
0.006993293762207031
0.00099945068359375
0.0
0.0
0.0
0.0
0.001999378204345703
0.0019991397857666016
0.0010004043579101562
0.0019969940185546875
0.0029981136322021484
0.0029985904693603516
0.0009999275207519531
0.0009987354278564453
0.0
0.0019989013671875
0.0019989013671875
0.0019998550415039062
0.0
0.002000570297241211
0.0019960403442382812
0.0009996891021728516
0.0
0.00299835205078125
0.00099945068359375
0.0009992122650146484
0.0
0.0
0.0019989013671875
0.0029993057250976562
0.0039975643157958984
0.00099945068359375
0.0019981861114501953
0.0009999275207519531
0.0019981861114501953
0.0
0.0009996891021728516
0.0019986629486083984
0.0019986629486083984
0.0
0.0030002593994140625
0.0
0.0009982585906982422
0.0
0.0009989738464355469
0.0019986629486083984
0.003999471664428711
0.001997709274291992
0.0009987354278564453
0.010013341903686523
0.000995635986328125
0.010979652404785156
0.0009987354278564453
0.0
0.005998373031616211
0.0
0.006013154983520508
0.0009808540344238281
0.0020008087158203125
0.0019981861114501953
0.0020127296447753906
0.0010077953338623047
0.0019941329956054688
0.002997875213623047
0.0009808540344238281
0.001998424530029297
0.0020208358764648438
0.0019989013671875
0.0
0.0009789466857910156
0.0
0.0019991397857666016
0.0
0.0009996891021728516
0.0
0.0009996891021728516
0.0019981861114501953
0.0
0.003998756408691406
0.0009982585906982422
0.0009982585906982422
0.002007722854614258
0.0009915828704833984
0.0010199546813964844
0.0009965896606445312
0.0
0.0019986629486083984
0.0010018348693847656
0.0009789466857910156
0.0010180473327636719
0.0009806156158447266
0.003016948699951172
0.0009987354278564453
0.0010001659393310547
0.004979133605957031
0.0009987354278564453
0.0020008087158203125
0.0
0.0029964447021484375
0.00099945068359375
0.0019986629486083984
0.00299835205078125
0.0
0.003017902374267578
0.000980377197265625
0.0
0.0
0.00099945068359375
0.0010008811950683594
0.000997304916381836
0.0019981861114501953
0.00099945068359375
0.0029973983764648438
0.0059986114501953125
0.002021312713623047
0.000993490219116211
0.0009999275207519531
0.0029990673065185547
0.000980377197265625
0.003017425537109375
0.0019974708557128906
0.002980470657348633
0.003016948699951172
0.0009987354278564453
0.0019998550415039062
0.004996061325073242
0.0019991397857666016
0.000980377197265625
0.003998994827270508
0.0
0.0030159950256347656
0.0009818077087402344
0.0
0.003015756607055664
0.007977485656738281
0.0
0.005997896194458008
0.002016305923461914
0.0
0.0009806156158447266
0.002997875213623047
0.0010006427764892578
0.00099945068359375
0.0
0.0
0.004996299743652344
0.0
0.002016782760620117
0.0
0.00299835205078125
0.0
0.0
0.0
0.0009813308715820312
0.0009987354278564453
0.0009992122650146484
0.005997657775878906
0.0019991397857666016
0.001998424530029297
0.0010173320770263672
0.0
0.0
0.005014896392822266
0.00099945068359375
0.0
0.0
0.002321958541870117
0.0029871463775634766
0.0
0.0
0.0009987354278564453
0.0009996891021728516
0.002997875213623047
0.0059969425201416016
0.0
0.0
0.0009996891021728516
0.0019981861114501953
0.00099945068359375
0.0019986629486083984
0.00099945068359375
0.00099945068359375
0.0010020732879638672
0.003995180130004883
0.0029981136322021484
0.004018068313598633
0.0009987354278564453
0.000980377197265625
0.0
0.0010006427764892578
0.007013559341430664
0.0019817352294921875
0.001016378402709961
0.0009965896606445312
0.0009834766387939453
0.0
0.00099945068359375
0.0
0.0
0.001999378204345703
0.007015228271484375
0.0029795169830322266
0.0020170211791992188
0.0030012130737304688
0.0009958744049072266
0.0
0.000985860824584961
0.0009949207305908203
0.0
0.0020160675048828125
0.00099945068359375
0.0009810924530029297
0.0020172595977783203
0.0019817352294921875
0.005995750427246094
0.0
0.0010173320770263672
0.0009806156158447266
0.003000974655151367
0.0
0.002015352249145508
0.004979133605957031
0.0
0.0009996891021728516
0.0
0.0009996891021728516
0.002056121826171875
0.0009992122650146484
0.0009992122650146484
0.00099945068359375
0.0009996891021728516
0.0039784908294677734
0.004018306732177734
0.0049762725830078125
0.0029985904693603516
0.0019991397857666016
0.0029976367950439453
0.0009999275207519531
0.001998424530029297
0.0
0.0019989013671875
0.0029985904693603516
0.0
0.0
0.0049974918365478516
0.003998756408691406
0.0
0.001997709274291992
0.0019986629486083984
0.0
0.00099945068359375
0.0010001659393310547
0.0070149898529052734
0.002981424331665039
0.0
0.004014015197753906
0.0009987354278564453
0.003985404968261719
0.004010677337646484
0.0009808540344238281
0.0010178089141845703
0.00099945068359375
0.0009992122650146484
0.0010051727294921875
0.0009937286376953125
0.0
0.005978107452392578
0.0010020732879638672
0.0
0.0
0.0
0.0020148754119873047
0.0049784183502197266
0.002003192901611328
0.003992795944213867
0.0010013580322265625
0.0
0.0
0.0010025501251220703
0.0009980201721191406
0.0009975433349609375
0.0019986629486083984
0.0
0.00499725341796875
0.0
0.0020160675048828125
0.0010042190551757812
0.003993511199951172
0.0
0.00099945068359375
0.0
0.0019822120666503906
0.0020148754119873047
0.00099945068359375
0.00299835205078125
0.0009999275207519531
0.0
0.0009984970092773438
0.0029985904693603516
0.000982522964477539
0.0
0.001016378402709961
0.0029985904693603516
0.0010018348693847656
0.0009965896606445312
0.0
0.0
0.001980304718017578
0.0030171871185302734
0.0
0.0
0.0010001659393310547
0.0019979476928710938
0.0009996891021728516
0.001999378204345703
0.0009822845458984375
0.0030145645141601562
0.0019800662994384766
0.00099945068359375
0.0039975643157958984
0.00299835205078125
0.00099945068359375
0.00099945068359375
0.0
0.00099945068359375
0.00099945068359375
0.00099945068359375
0.0009989738464355469
0.00299835205078125
0.0
0.00299835205078125
0.0
0.002018451690673828
0.0009815692901611328
0.00799560546875
0.0029981136322021484
0.000997781753540039
0.0009996891021728516
0.0009996891021728516
0.0
0.0
0.0009992122650146484
0.003017902374267578
0.0019979476928710938
0.0
0.0019807815551757812
0.00401616096496582
0.00099945068359375
0.0
0.001998424530029297
0.0029799938201904297
0.002017974853515625
0.0009989738464355469
0.0009808540344238281
0.002016782760620117
0.0019989013671875
0.004979848861694336
0.0029981136322021484
0.0010001659393310547
0.0
0.0
0.0029981136322021484
0.0039958953857421875
0.00099945068359375
0.00099945068359375
0.00099945068359375
0.00099945068359375
0.00099945068359375
0.00099945068359375
0.0030012130737304688
0.001998424530029297
0.0
0.004996299743652344
0.011011362075805664
0.007984638214111328
0.0029900074005126953
0.0010013580322265625
0.003996849060058594
0.0009999275207519531
0.0019986629486083984
0.0009992122650146484
0.0019986629486083984
0.0
0.0009996891021728516
0.001999378204345703
0.0009992122650146484
0.0
0.0070133209228515625
0.001999378204345703
0.0009987354278564453
0.0
0.0
0.0010006427764892578
0.0
0.0010001659393310547
0.0011754035949707031
0.0010104179382324219
0.0029993057250976562
0.0
0.0019981861114501953
0.003981351852416992
0.0030145645141601562
0.001981019973754883
0.0009996891021728516
0.003998756408691406
0.0010154247283935547
0.0
0.00099945068359375
0.003997802734375
0.0009992122650146484
0.0029823780059814453
0.0010154247283935547
0.0049974918365478516
0.0009989738464355469
0.0010001659393310547
0.0019822120666503906
0.005993843078613281
0.0010013580322265625
0.0
0.003995418548583984
0.0009999275207519531
0.002997875213623047
0.00601649284362793
0.0009987354278564453
0.0
0.0039975643157958984
0.0019989013671875
0.0
0.00099945068359375
0.0009832382202148438
0.0010156631469726562
0.0
0.0
0.0
0.0009827613830566406
0.0020148754119873047
0.0
0.0009999275207519531
0.0010004043579101562
0.0029973983764648438
0.0
0.0019989013671875
0.0029807090759277344
0.0009996891021728516
0.001998424530029297
0.0009999275207519531
0.002997875213623047
0.0060138702392578125
0.0
0.002981901168823242
0.0009987354278564453
0.003003358840942383
0.0009949207305908203
0.0
0.0009992122650146484
0.0059964656829833984
0.005995273590087891
0.003997325897216797
0.0
0.002999544143676758
0.00099945068359375
0.003996849060058594
0.0
0.0
0.0029993057250976562
0.0
0.0
0.0019989013671875
0.0009982585906982422
0.0019986629486083984
0.0
0.002018451690673828
0.0
0.0
0.0009806156158447266
0.0010180473327636719
0.0009992122650146484
0.00099945068359375
0.000980377197265625
0.0010013580322265625
0.003996849060058594
0.0009989738464355469
0.0
0.005996227264404297
0.0
0.0
0.0
0.005017995834350586
0.0
0.0029969215393066406
0.0009801387786865234
0.0010199546813964844
0.0
0.0
0.0
0.0
0.001016378402709961
0.0019991397857666016
0.0009982585906982422
0.00099945068359375
0.0009808540344238281
0.0
0.002999544143676758
0.00299835205078125
0.004997730255126953
0.0010187625885009766
0.0
0.0009980201721191406
0.0
0.0
0.000982522964477539
0.0010151863098144531
0.0019991397857666016
0.0
0.003980398178100586
