0.0
0.0
0.0
0.0
0.0
0.0
0.0
0.0
0.0
0.0
0.0009992122650146484
0.0
0.0
0.0
0.0
0.0
0.0
0.0
0.0
0.0
0.0
0.0
0.0010006427764892578
0.0
0.0
0.0
0.0
0.0
0.0
0.0
0.0
0.0
0.0
0.0
0.0009984970092773438
0.0
0.0
0.0
0.0
0.0
0.0
0.0
0.0
0.0009989738464355469
0.0
0.0
0.0
0.0
0.0
0.0
0.0
0.0
0.0
0.0
0.0
0.0009996891021728516
0.0
0.0
0.0
0.0
0.0
0.0
0.0
0.0
0.0
0.0009992122650146484
0.0
0.0
0.0
0.0
0.0
0.0
0.0
0.0
0.0
0.0
0.0
0.0
0.0009999275207519531
0.0
0.0
0.0
0.0
0.0
0.0
0.0009992122650146484
0.0
0.0
0.0
0.0
0.0
0.0
0.0
0.0
0.0
0.0
0.0
0.0
0.0
0.0
0.0
0.0
0.0
0.0
0.0
0.0
0.0
0.0009987354278564453
0.0
0.0
0.0
0.0
0.0
0.0
0.0
0.0
0.00099945068359375
0.0
0.0
0.0
0.0
0.0
0.0
0.0
0.0
0.0010001659393310547
0.0
0.0
0.0
0.0
0.0
0.0009992122650146484
0.0
0.0
0.0
0.0
0.0
0.00099945068359375
0.0
0.0
0.0
0.0
0.0
0.0
0.0
0.0
0.0
0.0
0.0
0.0
0.0
0.0
0.0
0.0
0.0
0.0
0.0
0.0
0.0
0.0
0.0
0.0
0.0009992122650146484
0.0
0.0
0.0
0.0
0.0
0.0
0.0
0.0
0.0
0.0
0.0
0.0
0.0
0.0009992122650146484
0.0
0.0
0.0
0.0
0.0
0.0
0.0
0.0
0.0009992122650146484
0.0
0.0
0.0
0.0
0.0
0.0
0.0
0.0
0.0
0.0010001659393310547
0.0
0.0
0.0
0.0
0.0
0.0
0.0
0.0
0.0
0.0
0.0
0.0
0.0009992122650146484
0.0
0.0
0.0
0.0
0.0
0.0
0.0
0.0
0.0
0.0
0.0
0.0
0.0009989738464355469
0.0
0.0
0.0
0.0
0.0
0.0010013580322265625
0.0
0.0005357265472412109
0.0
0.0
0.0
0.0
0.0
0.0
0.0
0.0
0.0
0.0009739398956298828
0.0
0.0
0.0
0.0
0.0
0.0009982585906982422
0.0
0.0
0.0
0.0
0.0
0.0
0.0
0.0
0.0
0.0
0.0
0.0
0.0
0.0010030269622802734
0.0
0.0
0.0
0.0
0.0
0.0
0.0
0.0
0.0
0.0
0.0
0.0
0.000995635986328125
0.0
0.0
0.0
0.0
0.0
0.0
0.0
0.0
0.0
0.0
0.0
0.00099945068359375
0.0
0.0
0.0
0.0
0.0
0.0
0.0
0.0009992122650146484
0.0
0.0
0.0
0.0
0.0
0.0
0.0
0.0
0.0
0.0009989738464355469
0.0
0.0
0.0
0.0
0.0
0.0
0.0
0.0
0.0
0.0010187625885009766
0.0
0.0
0.0
0.0
0.0
0.0
0.0
0.0
0.0
0.0009806156158447266
0.0
0.0
0.0
0.0
0.0
0.0
0.0
0.0
0.0
0.0
0.0010190010070800781
0.0
0.0
0.0
0.0
0.0
0.0
0.0
0.0
0.000982046127319336
0.0
0.0
0.0
0.0
0.0
0.0
0.0
0.0
0.0010182857513427734
0.0
0.0
0.0
0.0
0.0
0.0
0.0
0.0
0.0
0.0
0.0
0.0
0.0
0.0
0.0009980201721191406
0.0
0.0
0.0
0.0
0.0
0.0
0.0
0.0
0.0
0.0
0.0009989738464355469
0.0
0.0
0.0
0.0
0.0
0.0
0.0
0.0
0.0009999275207519531
0.0
0.0
0.0
0.0
0.0
0.0
0.0
0.0
0.0
0.0009989738464355469
0.0
0.0
0.0
0.0
0.0
0.0
0.0
0.0
0.0
0.0
0.0
0.0009989738464355469
0.0
0.0
0.0
0.0
0.0
0.0
0.0
0.0
0.0
0.0010042190551757812
0.0
0.0
0.0
0.0
0.0
0.0
0.0
0.0
0.0
0.0009763240814208984
0.0
0.0
0.0
0.0
0.0
0.0
0.0
0.0
0.0
0.0
0.0
0.0
0.0010192394256591797
0.0
0.0
0.0
0.0
0.0
0.0
0.0
0.0
0.0
0.0
0.0
0.0
0.0
0.0009808540344238281
0.0
0.0
0.0
0.0
0.0
0.0
0.0
0.0
0.0
0.001016378402709961
0.0
0.0
0.0
0.0
0.0
0.0
0.0
0.0
0.0
0.0
0.0
0.0
0.0009999275207519531
0.0
0.0
0.0
0.0
0.0
0.0
0.0
0.0
0.0
0.0
0.00099945068359375
0.0
0.0
0.0
0.0
0.0
0.0
0.0
0.000982046127319336
0.0
0.0
