0.0
0.003996849060058594
0.0
0.0019989013671875
0.0
0.004979848861694336
0.002997875213623047
0.0
0.0039975643157958984
0.0019989013671875
0.0
0.0009999275207519531
0.0049970149993896484
0.0
0.0009996891021728516
0.0
0.00099945068359375
0.001996755599975586
0.0010001659393310547
0.0
0.0
0.0019974708557128906
0.0
0.0
0.00299835205078125
0.0019989013671875
0.0
0.0009999275207519531
0.003017425537109375
0.00299835205078125
0.0009987354278564453
0.0010027885437011719
0.0009965896606445312
0.0019989013671875
0.003997087478637695
0.00099945068359375
0.002998828887939453
0.0009808540344238281
0.0020170211791992188
0.0010004043579101562
0.0019981861114501953
0.0009989738464355469
0.0019826889038085938
0.0010170936584472656
0.001997709274291992
0.0009810924530029297
0.0010018348693847656
0.0020148754119873047
0.003981590270996094
0.0009984970092773438
0.00099945068359375
0.0009992122650146484
0.0009999275207519531
0.005995512008666992
0.008993148803710938
0.0019991397857666016
0.007997751235961914
0.0009975433349609375
0.0010013580322265625
0.0029973983764648438
0.0010001659393310547
0.0009989738464355469
0.0
0.002997875213623047
0.0
0.001998424530029297
0.0010006427764892578
0.004014492034912109
0.0009999275207519531
0.00099945068359375
0.0009832382202148438
0.0
0.001996278762817383
0.0
0.0010175704956054688
0.00099945068359375
0.003998756408691406
0.006975650787353516
0.00099945068359375
0.0
0.00299835205078125
0.00099945068359375
0.0
0.0009999275207519531
0.0019981861114501953
0.002018451690673828
0.0009996891021728516
0.0
0.0009987354278564453
0.0009996891021728516
0.0009996891021728516
0.002980470657348633
0.0009999275207519531
0.0019981861114501953
0.00099945068359375
0.00099945068359375
0.001999378204345703
0.0
0.005014181137084961
0.00099945068359375
0.0
0.0
0.0019991397857666016
0.0009992122650146484
0.001982450485229492
0.001016378402709961
0.0
0.004000186920166016
0.0019958019256591797
0.0009999275207519531
0.00299835205078125
0.000980377197265625
0.0060117244720458984
0.0030028820037841797
0.0029811859130859375
0.00399470329284668
0.0029990673065185547
0.0
0.002999544143676758
0.00099945068359375
0.001001119613647461
0.0009961128234863281
0.0029985904693603516
0.0
0.0
0.0
0.0009992122650146484
0.002002716064453125
0.0
0.0009963512420654297
0.00099945068359375
0.0019981861114501953
0.0030019283294677734
0.0
0.000995635986328125
0.00099945068359375
0.0
0.0
0.0010025501251220703
0.001997709274291992
0.0
0.0010166168212890625
0.0010001659393310547
0.0009815692901611328
0.0019795894622802734
0.002991199493408203
0.0
0.0009968280792236328
0.0009987354278564453
0.0
0.00999307632446289
0.002997875213623047
0.001001596450805664
0.0059947967529296875
0.001004934310913086
0.0019931793212890625
0.0039975643157958984
0.002003908157348633
0.00699162483215332
0.0019998550415039062
0.001016378402709961
0.0
0.0029790401458740234
0.00099945068359375
0.0019989013671875
0.0
0.00099945068359375
0.0010008811950683594
0.0010001659393310547
0.0059947967529296875
0.00099945068359375
0.0
0.0
0.00099945068359375
0.0019986629486083984
0.0
0.00099945068359375
0.0
0.0019986629486083984
0.0029993057250976562
0.0009982585906982422
0.0
0.0009996891021728516
0.0010018348693847656
0.0009970664978027344
0.0
0.0009999275207519531
0.0059967041015625
0.0
0.002000093460083008
0.0
0.004996299743652344
0.003997802734375
0.003998279571533203
0.0009984970092773438
0.0019989013671875
0.002053976058959961
0.0
0.0
0.0010004043579101562
0.0
0.002997875213623047
0.0019996166229248047
0.0
0.0009992122650146484
0.0
0.0010006427764892578
0.0
0.003996372222900391
0.0
0.001998424530029297
0.0019986629486083984
0.003997802734375
0.00099945068359375
0.0009989738464355469
0.0
0.0009999275207519531
0.0009992122650146484
0.0
0.0
0.0
0.0019989013671875
0.0019986629486083984
0.0
0.0
0.0010001659393310547
0.00099945068359375
0.0009989738464355469
0.0
0.0029976367950439453
0.0009996891021728516
0.00099945068359375
0.0029990673065185547
0.0
0.0019986629486083984
0.0019996166229248047
0.002997159957885742
0.0
0.0009999275207519531
0.00099945068359375
0.0
0.0010006427764892578
0.001996755599975586
0.0029990673065185547
0.0019986629486083984
0.0
0.00099945068359375
0.0009992122650146484
0.002997875213623047
0.00099945068359375
0.011993646621704102
0.0010058879852294922
0.0019936561584472656
0.0009999275207519531
0.0019996166229248047
0.0
0.0009968280792236328
0.0010006427764892578
0.0
0.00299835205078125
0.0
0.00099945068359375
0.00099945068359375
0.0
0.006996631622314453
0.0
0.0
0.00099945068359375
0.0049953460693359375
0.003999471664428711
0.0010013580322265625
0.0019965171813964844
0.0
0.0010006427764892578
0.0019974708557128906
0.0
0.0
0.00099945068359375
0.0019989013671875
0.003996133804321289
0.0019989013671875
0.0
0.005998373031616211
0.0
0.0
0.0
0.0029981136322021484
0.0
0.001001119613647461
0.005995750427246094
0.0009984970092773438
0.0
0.0019979476928710938
0.0
0.0009992122650146484
0.0039997100830078125
0.0
0.002998828887939453
0.0009980201721191406
0.0010006427764892578
0.001997709274291992
0.0
0.0019989013671875
0.0039975643157958984
0.002997875213623047
0.003996372222900391
0.001999378204345703
0.0010013580322265625
0.002996206283569336
0.0010025501251220703
0.0019969940185546875
0.0019989013671875
0.00099945068359375
0.00099945068359375
0.00099945068359375
0.002000570297241211
0.0009968280792236328
0.0010006427764892578
0.002997875213623047
0.0
0.0019989013671875
0.00099945068359375
0.0049970149993896484
0.003997802734375
0.00099945068359375
0.0009999275207519531
0.0009975433349609375
0.0010020732879638672
0.0009965896606445312
0.0009999275207519531
0.004996538162231445
0.0009999275207519531
0.003997087478637695
0.002001047134399414
0.0
0.001997232437133789
0.0019989013671875
0.0
0.0009999275207519531
0.00099945068359375
0.0
0.002997159957885742
0.001999378204345703
0.0009989738464355469
0.0049974918365478516
0.00099945068359375
0.0039975643157958984
0.003997802734375
0.002998828887939453
0.0019986629486083984
0.0010018348693847656
0.0
0.0
0.000997304916381836
0.0019991397857666016
0.0020008087158203125
0.0010013580322265625
0.0
0.0009963512420654297
0.0019969940185546875
0.0010018348693847656
0.0009975433349609375
0.0010018348693847656
0.0019965171813964844
0.003999471664428711
0.001999378204345703
0.005994081497192383
0.00099945068359375
0.0039980411529541016
0.000997781753540039
0.0
0.0009984970092773438
0.0
0.0010006427764892578
0.00099945068359375
0.0059967041015625
0.0
0.0
0.00099945068359375
0.0
0.00099945068359375
0.0
0.0
0.0
0.0019989013671875
0.00099945068359375
0.003002643585205078
0.001999378204345703
0.0019996166229248047
0.0009999275207519531
0.0
0.0009992122650146484
0.001997232437133789
0.00099945068359375
0.002000570297241211
0.0019974708557128906
0.0
0.0009987354278564453
0.004997730255126953
0.004996538162231445
0.0
0.0010025501251220703
0.0009963512420654297
0.0
0.0019986629486083984
0.008994817733764648
0.0010001659393310547
0.0009992122650146484
0.0059967041015625
0.0010013580322265625
0.002000093460083008
0.002995729446411133
0.004996299743652344
0.0009996891021728516
0.0029997825622558594
0.022984981536865234
0.0
0.00099945068359375
0.00099945068359375
0.0019989013671875
0.0009992122650146484
0.0009996891021728516
0.0
0.0019986629486083984
0.014991521835327148
0.0009996891021728516
0.00099945068359375
0.0
0.0039975643157958984
0.005995988845825195
0.0
0.002998828887939453
0.006996870040893555
0.005995750427246094
0.0019989013671875
0.0
0.0039975643157958984
0.003997802734375
0.0
0.00099945068359375
0.0009992122650146484
0.0
0.0019989013671875
0.0
0.0019989013671875
0.00099945068359375
0.0019998550415039062
0.0029969215393066406
0.0010020732879638672
0.0019965171813964844
0.001001119613647461
0.005995273590087891
0.00099945068359375
0.00099945068359375
0.005995988845825195
0.0019986629486083984
0.010994195938110352
0.005997180938720703
0.0019981861114501953
0.0049970149993896484
0.012992620468139648
0.0019989013671875
0.00099945068359375
0.0019986629486083984
0.003997802734375
0.00299835205078125
0.0
0.00099945068359375
0.0
0.0009992122650146484
0.0
0.003997802734375
0.0
0.00299835205078125
0.0019986629486083984
0.00099945068359375
0.0019989013671875
0.003997802734375
0.008995294570922852
0.0
0.0
0.005996227264404297
0.0
0.0010008811950683594
0.0019981861114501953
0.003996849060058594
0.0009996891021728516
0.0039975643157958984
0.00099945068359375
0.0010013580322265625
0.001996755599975586
0.0
0.0020003318786621094
0.012991666793823242
0.002999544143676758
0.0009980201721191406
0.0019989013671875
0.0019989013671875
0.046973466873168945
0.013991832733154297
