2.9163289070129395
7.0859410762786865
1.932891607284546
2.828378677368164
1.836946725845337
1.5021586418151855
3.8997461795806885
0.4447643756866455
5.953570604324341
11.568372249603271
5.141054391860962
9.671476602554321
0.27382397651672363
4.0866594314575195
2.00287127494812
0.6875879764556885
1.4341764450073242
26.34090781211853
0.6696171760559082
7.434746742248535
3.752915143966675
12.916347742080688
0.9994301795959473
4.589399814605713
0.06698083877563477
4.198188543319702
2.702434539794922
10.350070238113403
5.698739290237427
4.018696546554565
3.6189258098602295
0.9674651622772217
9.59089469909668
8.794970750808716
0.8635087013244629
8.435163497924805
2.6065309047698975
7.155898571014404
0.4897186756134033
3.324115753173828
29.401138067245483
1.4421753883361816
2.809407949447632
2.828360080718994
1.8659336566925049
9.414604902267456
13.163458108901978
4.11865758895874
2.328648805618286
2.5915322303771973
9.146742343902588
4.221580743789673
5.420893907546997
4.509436845779419
0.7365972995758057
1.2602598667144775
2.4496145248413086
5.166039705276489
13.737110614776611
4.564384937286377
2.2756974697113037
7.114925146102905
0.8145341873168945
2.468583822250366
14.881501197814941
11.67630672454834
13.854080438613892
14.496702909469604
12.71004581451416
5.7371861934661865
35.99433374404907
2.1306803226470947
8.747602224349976
10.516528844833374
2.499567985534668
23.198704481124878
2.5315346717834473
3.3271079063415527
9.609477996826172
3.6589035987854004
2.1877520084381104
4.506434917449951
2.6694552898406982
8.911338806152344
6.376346588134766
9.940306425094604
12.69037127494812
16.99896550178528
4.698308229446411
1.3762152194976807
1.9588963985443115
0.2708444595336914
0.9304826259613037
3.633920907974243
3.2831056118011475
3.3330910205841064
0.4117777347564697
0.7035961151123047
9.156776189804077
5.838655948638916
