0.6120054721832275
1.0333898067474365
0.1299281120300293
1.2296884059906006
0.5996389389038086
0.2728428840637207
0.2718617916107178
0.9824199676513672
1.046400547027588
0.29984545707702637
0.23186779022216797
0.5446681976318359
0.16692399978637695
0.7165889739990234
0.4067673683166504
0.8175315856933594
0.37578511238098145
0.08792996406555176
0.4327709674835205
0.36577439308166504
0.7625598907470703
0.7755556106567383
0.36580967903137207
0.44774389266967773
0.2948305606842041
1.038404941558838
0.08295249938964844
0.04897141456604004
0.040976762771606445
0.4567387104034424
0.20686602592468262
0.28783154487609863
0.10394096374511719
0.0059967041015625
1.255279779434204
0.06696510314941406
0.17889404296875
0.5527026653289795
0.9474399089813232
0.022984743118286133
0.11295485496520996
0.3937547206878662
1.0933752059936523
2.115788698196411
0.45575571060180664
1.0493991374969482
0.7075941562652588
0.759547233581543
0.07495832443237305
0.3847959041595459
0.04395723342895508
0.00899362564086914
0.1279454231262207
0.3357882499694824
0.5307111740112305
0.006999492645263672
0.1389026641845703
2.2667205333709717
0.4277350902557373
0.3188362121582031
0.25583410263061523
0.3967742919921875
0.37780141830444336
0.4417290687561035
0.04097485542297363
0.82354736328125
0.10392117500305176
0.06096601486206055
0.02198648452758789
0.010013580322265625
0.2708261013031006
0.2138969898223877
1.5151145458221436
0.22288894653320312
0.38675975799560547
0.6456291675567627
0.00099945068359375
0.29085564613342285
0.011972904205322266
0.07096290588378906
0.061960458755493164
1.1123628616333008
0.10193991661071777
0.46373438835144043
0.05197024345397949
0.28085827827453613
0.23384833335876465
0.016008615493774414
0.2588520050048828
0.8985164165496826
0.31484150886535645
1.1383287906646729
0.7216057777404785
0.1329047679901123
0.10194206237792969
0.3787837028503418
0.25785160064697266
0.5336921215057373
0.3538179397583008
0.3348076343536377
