0.0019989013671875
0.0009992122650146484
0.0019986629486083984
0.0
0.0009996891021728516
0.0
0.0
0.0
0.0019991397857666016
0.0
0.0019991397857666016
0.0009989738464355469
0.0
0.0019989013671875
0.0019989013671875
0.0009989738464355469
0.0
0.00299835205078125
0.0
0.00299835205078125
0.0009992122650146484
0.00299835205078125
0.003998517990112305
0.003996849060058594
0.00099945068359375
0.0020012855529785156
0.002996206283569336
0.0
0.0009989738464355469
0.00099945068359375
0.0049970149993896484
0.007996082305908203
0.0039980411529541016
0.0029981136322021484
0.0009996891021728516
0.0
0.0
0.00799560546875
0.0
0.0
0.0019989013671875
0.0009999275207519531
0.0
0.002997875213623047
0.0
0.00099945068359375
0.00299835205078125
0.0010035037994384766
0.002994537353515625
0.003997087478637695
0.003998756408691406
0.005998373031616211
0.0009975433349609375
0.001998424530029297
0.002998828887939453
0.00299835205078125
0.0039975643157958984
0.004999876022338867
0.003000020980834961
0.009989023208618164
0.003997802734375
0.00099945068359375
0.0009989738464355469
0.0
0.0059967041015625
0.0009996891021728516
0.0029990673065185547
0.0029973983764648438
0.0019986629486083984
0.0029981136322021484
0.0019989013671875
0.003000974655151367
0.000997304916381836
0.0009989738464355469
0.0
0.0009987354278564453
0.002002716064453125
0.006993532180786133
0.0029973983764648438
0.0069963932037353516
0.00699615478515625
0.005995988845825195
0.0020012855529785156
0.024984121322631836
0.007995843887329102
0.0
0.00099945068359375
0.00099945068359375
0.01199197769165039
0.006996870040893555
0.01698899269104004
0.001998424530029297
0.0010001659393310547
0.009001731872558594
0.000997781753540039
0.005991220474243164
0.007995367050170898
0.0039975643157958984
0.009003400802612305
0.02597522735595703
