0.054968833923339844
0.003997325897216797
0.07095742225646973
0.0179901123046875
0.019988298416137695
0.005998373031616211
0.06696057319641113
0.003998279571533203
0.017988920211791992
0.04799175262451172
0.02298593521118164
0.02398681640625
0.002981424331665039
0.016006946563720703
0.025966882705688477
0.011994361877441406
0.00299835205078125
0.044972896575927734
0.008995771408081055
0.008994817733764648
0.08595013618469238
0.06596207618713379
0.04197549819946289
0.0159912109375
0.038977622985839844
0.026984214782714844
0.2458667755126953
0.08694863319396973
0.016990184783935547
0.05896568298339844
0.03098464012145996
0.03497910499572754
0.03597831726074219
0.013991832733154297
0.04597330093383789
0.00299835205078125
0.026984214782714844
0.0009992122650146484
0.0179903507232666
0.050969600677490234
0.0049970149993896484
0.01999044418334961
0.028981924057006836
0.03897738456726074
0.03497958183288574
0.02498602867126465
0.046973228454589844
0.00799560546875
0.010993480682373047
0.016009807586669922
0.007976293563842773
0.01800847053527832
0.018971920013427734
0.007015228271484375
0.06494283676147461
0.0009982585906982422
0.02100658416748047
0.0139923095703125
0.0029821395874023438
0.001997709274291992
0.012010812759399414
0.014972209930419922
0.011992692947387695
0.025004863739013672
0.0039789676666259766
0.016991853713989258
0.01598978042602539
0.0
0.008996009826660156
0.015989065170288086
0.003999471664428711
0.06298112869262695
0.011993408203125
0.024968624114990234
0.11495161056518555
0.029964685440063477
0.015010595321655273
0.012973785400390625
0.04797077178955078
0.01599264144897461
0.005995988845825195
0.010012149810791016
0.004996299743652344
0.023991823196411133
0.06995797157287598
0.13292407989501953
0.0019989013671875
0.003999471664428711
0.013010501861572266
0.03595924377441406
0.0059969425201416016
0.19488978385925293
0.03497815132141113
0.037978410720825195
0.029983043670654297
0.03200125694274902
0.04997110366821289
0.0029790401458740234
0.0419771671295166
0.07695412635803223
0.012994766235351562
0.006995201110839844
0.007993936538696289
0.007016658782958984
0.03895735740661621
0.039978981018066406
0.004012346267700195
0.000997781753540039
0.0219724178314209
0.011996030807495117
0.009993791580200195
0.0499722957611084
0.05196666717529297
0.029984712600708008
0.05198860168457031
0.004996538162231445
0.01397252082824707
0.0059964656829833984
0.006997823715209961
0.06797933578491211
0.01397395133972168
0.01099252700805664
0.036980628967285156
0.02398538589477539
0.023004531860351562
0.002997875213623047
0.000982046127319336
0.0
0.0059947967529296875
0.07096314430236816
0.0070111751556396484
0.03795886039733887
0.0159909725189209
0.01598954200744629
0.05997467041015625
0.004991292953491211
0.0439913272857666
0.005978584289550781
0.03999519348144531
0.003997087478637695
0.0059964656829833984
0.014991283416748047
0.02896595001220703
0.005994558334350586
0.008994817733764648
0.05496859550476074
0.04997372627258301
0.073974609375
0.021971464157104492
0.018987417221069336
0.010993003845214844
0.025003433227539062
0.007996082305908203
0.01397252082824707
0.0019996166229248047
0.015008687973022461
0.05694842338562012
0.02500462532043457
0.015973806381225586
0.023008346557617188
0.006972789764404297
0.014991283416748047
0.006015777587890625
0.009994268417358398
0.007976770401000977
0.01001286506652832
0.01997065544128418
0.012011051177978516
0.030962228775024414
0.008994817733764648
0.06997966766357422
0.0069773197174072266
0.019989013671875
0.022988557815551758
0.059981346130371094
0.026968002319335938
0.019992351531982422
0.005010366439819336
0.0019989013671875
0.030965805053710938
0.023983240127563477
0.012013435363769531
0.019987821578979492
0.0069959163665771484
0.009975671768188477
0.049989938735961914
0.03995943069458008
0.009994268417358398
0.0639808177947998
0.013993263244628906
0.03497910499572754
0.024968624114990234
0.004015445709228516
0.059964656829833984
0.008995294570922852
0.014991283416748047
0.12391018867492676
0.050989627838134766
0.024967670440673828
0.048970699310302734
0.14691710472106934
0.012993097305297852
0.015988826751708984
0.021989107131958008
0.06596207618713379
0.03897833824157715
0.012990236282348633
0.016990184783935547
0.018009424209594727
0.005995988845825195
0.0009999275207519531
0.004979372024536133
0.028983116149902344
0.0030155181884765625
0.0039980411529541016
0.00699615478515625
0.0359797477722168
0.018988847732543945
0.011977195739746094
0.006012439727783203
0.029963970184326172
0.01301121711730957
0.0179898738861084
0.04195833206176758
0.015008926391601562
0.0009996891021728516
0.010993719100952148
0.04295611381530762
0.08397150039672852
0.08793234825134277
0.016007184982299805
0.05495142936706543
0.015990734100341797
0.012991905212402344
0.005995512008666992
0.011993646621704102
0.0009992122650146484
0.0059964656829833984
0.0029981136322021484
0.003999471664428711
0.002016305923461914
0.0339655876159668
0.03897356986999512
0.04399394989013672
0.011993169784545898
0.0039975643157958984
0.004978179931640625
0.1599278450012207
0.08893036842346191
0.03799772262573242
0.010975360870361328
0.008013010025024414
0.009977102279663086
0.018006563186645508
0.0069959163665771484
0.0059969425201416016
0.0009813308715820312
0.003016233444213867
0.03096318244934082
0.024985074996948242
0.00099945068359375
0.06096601486206055
0.02400493621826172
0.05794715881347656
0.060965776443481445
0.0059964656829833984
0.04899096488952637
0.010974645614624023
0.017991065979003906
0.010991811752319336
0.010996103286743164
0.02598285675048828
0.0
0.010013818740844727
0.0009989738464355469
0.011993646621704102
0.023968219757080078
0.0069963932037353516
0.0299837589263916
0.023003101348876953
0.005978584289550781
0.009012699127197266
0.06494688987731934
0.013991117477416992
0.02000570297241211
0.0
0.00799560546875
0.012974739074707031
0.0010001659393310547
0.05596518516540527
0.03198361396789551
0.12094831466674805
0.001981019973754883
0.029983043670654297
0.030980587005615234
0.03300070762634277
0.03098154067993164
0.002998828887939453
0.017989397048950195
0.007995367050170898
0.018989086151123047
0.0029854774475097656
0.0569612979888916
0.05696702003479004
0.0069959163665771484
0.00099945068359375
0.0
0.018008708953857422
0.0009999275207519531
0.024985074996948242
0.02098846435546875
0.0029981136322021484
0.008975505828857422
0.014991283416748047
0.010993719100952148
0.018009185791015625
0.00897526741027832
0.03899431228637695
0.04695630073547363
0.06198477745056152
0.04597282409667969
0.009994268417358398
0.060945987701416016
0.006001472473144531
0.00899052619934082
0.10295963287353516
0.0009815692901611328
0.0009975433349609375
0.02600407600402832
0.07494235038757324
0.023001432418823242
0.018970489501953125
0.014005899429321289
0.011978864669799805
0.018990278244018555
0.037995338439941406
0.002980947494506836
0.015009880065917969
0.06594204902648926
0.0019989013671875
0.018990755081176758
0.00699615478515625
0.0
0.012011528015136719
0.001998424530029297
0.011995553970336914
0.028962135314941406
0.006995201110839844
0.006016254425048828
0.0009813308715820312
0.023005247116088867
0.02496790885925293
0.012990474700927734
0.03897905349731445
0.05996537208557129
0.016008615493774414
0.008978128433227539
0.03498029708862305
0.008014440536499023
0.0
0.007995843887329102
0.04097628593444824
0.03198122978210449
0.039975643157958984
0.08994817733764648
0.00299835205078125
0.019008159637451172
0.007995843887329102
0.04395556449890137
0.005996227264404297
0.01499176025390625
0.006995677947998047
0.0029981136322021484
0.002998828887939453
0.052988529205322266
0.00099945068359375
0.005979776382446289
0.08296966552734375
0.00498199462890625
0.029979944229125977
0.017989635467529297
0.057984352111816406
0.016973495483398438
0.016007661819458008
0.008997201919555664
0.0029799938201904297
0.0
0.0539858341217041
0.009994268417358398
0.045954227447509766
0.01299428939819336
0.003997802734375
0.020006656646728516
0.007975578308105469
0.04897499084472656
0.021004676818847656
0.008994817733764648
0.029964923858642578
0.0029981136322021484
0.04297447204589844
0.019008159637451172
0.020969867706298828
0.008995294570922852
0.00099945068359375
0.027983665466308594
0.014990568161010742
0.024985790252685547
0.0010173320770263672
0.06794095039367676
0.0019986629486083984
0.06498193740844727
0.009975433349609375
0.0030035972595214844
0.017985820770263672
0.02698349952697754
0.008994102478027344
0.00699615478515625
0.0179898738861084
0.036000728607177734
0.019968032836914062
0.04899001121520996
0.00897669792175293
0.0069963932037353516
0.005014657974243164
0.0020003318786621094
0.014973878860473633
0.0010166168212890625
0.014971494674682617
0.047988176345825195
0.05797076225280762
0.023986101150512695
0.0009822845458984375
0.016007661819458008
0.023967504501342773
0.024005889892578125
0.012992143630981445
0.03697776794433594
0.03997802734375
0.03396105766296387
0.022007465362548828
0.008994817733764648
0.0009984970092773438
0.021968364715576172
0.032982587814331055
0.006014585494995117
0.0019822120666503906
0.02898240089416504
0.0
0.04097485542297363
0.02899026870727539
0.0010123252868652344
0.003977298736572266
0.02598881721496582
0.016988515853881836
0.005995273590087891
0.00099945068359375
0.06995987892150879
0.01600170135498047
0.06995034217834473
0.005014896392822266
0.055968284606933594
0.07194066047668457
0.050988197326660156
0.0029985904693603516
0.038957834243774414
0.0
0.05598735809326172
0.0039975643157958984
0.05694985389709473
0.06596231460571289
0.021005868911743164
0.012992143630981445
0.03596234321594238
0.0159912109375
0.013991594314575195
0.03098130226135254
0.01699209213256836
0.031981468200683594
0.026973485946655273
0.04798293113708496
0.013973236083984375
0.028985261917114258
0.009993553161621094
0.014989852905273438
0.06498503684997559
0.014988422393798828
0.002997875213623047
0.007979631423950195
0.01698756217956543
0.002997875213623047
0.018009662628173828
0.01797008514404297
0.12294888496398926
0.042955636978149414
0.022989273071289062
0.04895353317260742
0.07097792625427246
0.029963970184326172
0.012993812561035156
0.11495304107666016
