0.013011455535888672
0.016991615295410156
0.003996372222900391
0.010975837707519531
0.03897857666015625
0.0029973983764648438
0.002017974853515625
0.0259859561920166
0.03497791290283203
0.008975982666015625
0.001001596450805664
0.02898383140563965
0.001016855239868164
0.011992216110229492
0.00799560546875
0.011973857879638672
0.0659635066986084
0.0039975643157958984
0.005995988845825195
0.029001951217651367
0.021967649459838867
0.011013507843017578
0.0029976367950439453
0.05694866180419922
0.00401616096496582
0.013974428176879883
0.020988941192626953
0.07195639610290527
0.005001544952392578
0.03597712516784668
0.003998756408691406
0.00399470329284668
0.029984474182128906
0.026002168655395508
0.06824469566345215
0.00500035285949707
0.04500842094421387
0.0059967041015625
0.033980607986450195
0.08195352554321289
0.14691543579101562
0.0019986629486083984
0.057973384857177734
0.009987831115722656
0.022986650466918945
0.0029993057250976562
0.012993812561035156
0.04297447204589844
0.1299271583557129
0.003993988037109375
