10.178104639053345
12.615789413452148
11.379479885101318
2.1867480278015137
2.231720447540283
20.036519765853882
21.90743088722229
4.546433687210083
1.2652561664581299
6.616210222244263
8.518137693405151
6.354342222213745
2.304696559906006
1.6520531177520752
4.415470600128174
0.1848924160003662
14.336785554885864
5.912593126296997
20.07551646232605
9.76954460144043
1.7859795093536377
31.79106330871582
1.40519380569458
0.02398538589477539
18.937569856643677
1.4396045207977295
0.48972034454345703
26.874756813049316
31.485957860946655
3.258133888244629
5.392913103103638
5.271483421325684
5.617782115936279
29.656697750091553
4.3105480670928955
18.24466037750244
0.7315993309020996
1.1083648204803467
0.3308272361755371
10.966717004776001
3.83278489112854
0.026984214782714844
0.9974298477172852
3.6170101165771484
2.086822986602783
5.256608963012695
5.759032726287842
0.38977670669555664
0.9394824504852295
0.2008833885192871
