0.011980295181274414
0.003014087677001953
0.04695701599121094
0.032979488372802734
0.010011911392211914
0.00499725341796875
0.07795548439025879
0.04995274543762207
0.00099945068359375
0.004998445510864258
0.05496621131896973
0.037979841232299805
0.03298139572143555
0.02898383140563965
0.012990713119506836
0.03898215293884277
0.07295370101928711
0.0379786491394043
0.0009999275207519531
0.0
0.10394120216369629
0.08395028114318848
0.0030007362365722656
0.06795907020568848
0.035979270935058594
0.1699047088623047
0.002996206283569336
0.06696486473083496
0.012996912002563477
0.015993833541870117
0.005008697509765625
0.00598907470703125
0.012992382049560547
0.021010398864746094
0.011971712112426758
0.09094905853271484
0.014008283615112305
0.004980564117431641
0.0009987354278564453
0.030000925064086914
0.005978584289550781
0.005014657974243164
0.0
0.00898122787475586
0.005991220474243164
0.0049970149993896484
0.03100132942199707
0.010973930358886719
0.007996082305908203
0.0029981136322021484
0.009994029998779297
0.00699615478515625
0.00899505615234375
0.01099395751953125
0.02698540687561035
0.05398726463317871
0.07793593406677246
0.00799560546875
0.04897260665893555
0.008013486862182617
0.025966644287109375
0.030983448028564453
0.07995438575744629
0.015990495681762695
0.01900768280029297
0.009975433349609375
0.00699615478515625
0.004998207092285156
0.015990257263183594
0.034998416900634766
0.026985883712768555
0.023984193801879883
0.0029799938201904297
0.021986722946166992
0.0009999275207519531
0.00801396369934082
0.02498602867126465
0.0029985904693603516
0.0009992122650146484
0.012993812561035156
0.0
0.02396559715270996
0.02698683738708496
0.004015445709228516
0.05496835708618164
0.07095909118652344
0.06294560432434082
0.09194588661193848
0.00099945068359375
0.03499937057495117
0.0049970149993896484
0.021970272064208984
0.005994081497192383
0.007015705108642578
0.0339813232421875
0.019988298416137695
0.04197549819946289
0.004979133605957031
0.13392305374145508
0.04297637939453125
0.04599118232727051
0.011973142623901367
0.005016803741455078
0.022969484329223633
0.07595705986022949
0.02399897575378418
0.0
0.002002716064453125
0.0049784183502197266
0.02100682258605957
0.05896592140197754
0.026967763900756836
0.008011817932128906
0.012974023818969727
0.002017974853515625
0.05696821212768555
0.010973930358886719
0.0010187625885009766
0.044956207275390625
0.03298163414001465
0.005995750427246094
0.019006729125976562
0.007995367050170898
0.0049974918365478516
0.0010008811950683594
0.019987106323242188
0.010974407196044922
0.028983354568481445
0.0010020732879638672
0.0
0.01498866081237793
0.009014606475830078
0.0
0.0009999275207519531
0.059964895248413086
0.012992620468139648
0.009994983673095703
0.04495406150817871
0.015990734100341797
0.0019989013671875
0.07197833061218262
0.0009987354278564453
0.002999544143676758
0.009973764419555664
0.029982805252075195
0.14893412590026855
0.009977102279663086
0.006997585296630859
0.021983861923217773
0.044977426528930664
0.0439906120300293
0.011992931365966797
0.00299835205078125
0.013973236083984375
0.017996549606323242
0.06297612190246582
0.019990921020507812
0.039975643157958984
0.03497958183288574
0.039977312088012695
0.003979682922363281
0.006013393402099609
0.007995843887329102
0.04095721244812012
0.008995294570922852
0.0059986114501953125
0.015009403228759766
0.05594778060913086
0.02898430824279785
0.004016399383544922
0.0049779415130615234
0.003017425537109375
0.001998424530029297
0.0009996891021728516
0.008994340896606445
0.011994123458862305
0.11991262435913086
0.0
0.0049970149993896484
0.003997802734375
0.019989013671875
0.00099945068359375
0.0029981136322021484
0.009993791580200195
0.009995222091674805
0.015990018844604492
0.029982328414916992
0.02098846435546875
0.04397416114807129
0.0039975643157958984
0.03198099136352539
0.040978431701660156
0.007993698120117188
0.007995128631591797
0.06396245956420898
0.002998828887939453
0.004999637603759766
0.038974761962890625
0.0059964656829833984
0.012992382049560547
0.04297685623168945
0.016989946365356445
0.00499725341796875
0.03099799156188965
0.013993263244628906
0.04395771026611328
0.009995460510253906
0.02898120880126953
0.02900218963623047
0.03597903251647949
0.021968603134155273
0.01898980140686035
0.001999378204345703
0.0
0.019006967544555664
0.019987821578979492
0.014991521835327148
0.04995441436767578
0.07295799255371094
0.045974016189575195
0.02100515365600586
0.013974189758300781
0.0040051937103271484
0.016001224517822266
0.00897669792175293
0.03997635841369629
0.004019021987915039
0.012990474700927734
0.007996082305908203
0.02098703384399414
0.02698683738708496
0.03200173377990723
0.015987873077392578
0.045960187911987305
0.022980690002441406
0.02698540687561035
0.016989946365356445
0.0009992122650146484
0.00699615478515625
0.008014917373657227
0.0
0.016989707946777344
0.04395580291748047
0.05098986625671387
0.01297616958618164
0.010992765426635742
0.003015756607055664
0.07194089889526367
0.0029985904693603516
0.04097580909729004
0.006996631622314453
0.012992143630981445
0.045972347259521484
0.04197812080383301
0.0009999275207519531
0.007994413375854492
0.029980897903442383
0.0009996891021728516
0.017989635467529297
0.03999686241149902
0.0029790401458740234
0.012992143630981445
0.0049974918365478516
0.02200770378112793
0.03298020362854004
0.055968284606933594
0.0029969215393066406
0.010994672775268555
0.027964115142822266
0.06196451187133789
0.0659644603729248
0.006995201110839844
0.016988754272460938
0.0019989013671875
0.07397961616516113
0.020966529846191406
0.00901031494140625
0.00997781753540039
0.00901651382446289
0.055948495864868164
0.010993480682373047
0.04797101020812988
0.004996776580810547
0.023006439208984375
0.0009989738464355469
0.04395604133605957
0.028982877731323242
0.04199624061584473
0.018970966339111328
0.01598978042602539
0.03597855567932129
0.008997678756713867
0.03797578811645508
0.03399920463562012
0.05297112464904785
0.005995988845825195
0.008994817733764648
0.09592628479003906
0.00999307632446289
0.02000880241394043
0.012991905212402344
0.037958621978759766
0.017992734909057617
0.013990640640258789
0.025986194610595703
0.05894660949707031
0.0009999275207519531
0.0029976367950439453
0.003997802734375
0.03499937057495117
0.017989397048950195
0.10891890525817871
0.030981779098510742
0.00299835205078125
0.00099945068359375
0.09694623947143555
0.011990785598754883
0.001999378204345703
0.019989967346191406
0.0069959163665771484
0.018989086151123047
0.053969383239746094
0.02398514747619629
0.0010218620300292969
0.000978231430053711
0.06196236610412598
0.0029985904693603516
0.004998683929443359
0.0019991397857666016
0.039995431900024414
0.0
0.005995273590087891
0.0219879150390625
0.06594300270080566
0.05896615982055664
0.04897427558898926
0.03297853469848633
0.0019991397857666016
0.006997346878051758
0.0099945068359375
0.03299856185913086
0.03596067428588867
0.02400493621826172
0.008977413177490234
0.025983333587646484
0.019988536834716797
0.017009258270263672
0.018989086151123047
0.03196406364440918
0.003996849060058594
0.02398538589477539
0.015991687774658203
0.00701451301574707
0.030982494354248047
0.008975744247436523
0.014991283416748047
0.0
0.028984785079956055
0.010993719100952148
0.018987655639648438
0.017009496688842773
0.0379791259765625
0.018988370895385742
0.06895995140075684
0.0339815616607666
0.021986961364746094
0.03496098518371582
0.0039975643157958984
0.01499176025390625
0.0019981861114501953
0.003998279571533203
0.006995439529418945
0.0029985904693603516
0.010994434356689453
0.012006998062133789
0.014978408813476562
0.11095476150512695
0.03995704650878906
0.012993812561035156
0.0009999275207519531
0.0029976367950439453
0.03300166130065918
0.06594204902648926
0.006014585494995117
0.03198122978210449
0.03696131706237793
0.005995512008666992
0.0019998550415039062
0.007994651794433594
0.008014678955078125
0.014971256256103516
0.004016876220703125
0.03696084022521973
0.025005102157592773
0.013972282409667969
0.022983789443969727
0.007995843887329102
0.019009113311767578
0.018970012664794922
0.044973134994506836
0.0
0.003997802734375
0.024006128311157227
0.06594252586364746
0.00099945068359375
0.0
0.05297064781188965
0.0379788875579834
0.020986080169677734
0.027983903884887695
0.0009996891021728516
0.035979270935058594
0.026004552841186523
0.0059967041015625
0.03496241569519043
0.043975114822387695
0.014009237289428711
0.02696704864501953
0.002996683120727539
0.020007610321044922
0.0199887752532959
0.05496788024902344
0.026965618133544922
0.023991107940673828
0.01400613784790039
0.013992071151733398
0.001998424530029297
0.07394051551818848
0.023986101150512695
0.020987749099731445
0.05796551704406738
0.007995367050170898
0.01900959014892578
0.016971588134765625
0.05996584892272949
0.029980897903442383
0.03300023078918457
0.08095359802246094
0.048952579498291016
0.00201416015625
0.002003192901611328
0.040976524353027344
0.0
0.01598834991455078
0.028983592987060547
0.014993429183959961
0.007995128631591797
0.023984670639038086
0.014010429382324219
0.003998279571533203
0.0059964656829833984
0.001998424530029297
0.004979610443115234
0.021987438201904297
0.008013248443603516
0.016971111297607422
0.02098846435546875
0.017991065979003906
0.02298593521118164
0.003997325897216797
0.02800273895263672
0.015990257263183594
0.040960073471069336
0.03198099136352539
0.035977840423583984
0.013994693756103516
0.007992982864379883
0.03997993469238281
0.007993459701538086
0.032999277114868164
0.0359797477722168
0.042955875396728516
0.01199483871459961
0.026996850967407227
0.001004934310913086
0.024985313415527344
0.013972759246826172
0.010993003845214844
0.050971269607543945
0.13692259788513184
0.0069959163665771484
0.04397392272949219
0.027984142303466797
0.011993885040283203
0.02998185157775879
0.0319826602935791
0.007995367050170898
0.06196713447570801
0.009991168975830078
0.024005651473999023
0.006994962692260742
0.0059795379638671875
0.0020017623901367188
0.0069925785064697266
0.019986867904663086
0.0159914493560791
0.018988370895385742
0.009994745254516602
0.0379786491394043
0.007995128631591797
0.04297590255737305
0.014990806579589844
0.011993169784545898
0.0020182132720947266
0.0019981861114501953
0.003998279571533203
0.008994340896606445
0.011976242065429688
0.028981447219848633
0.028986454010009766
0.06096196174621582
0.09194827079772949
0.009995460510253906
0.06795907020568848
0.015010595321655273
0.1488962173461914
0.033982276916503906
0.03097987174987793
0.0239865779876709
0.11193561553955078
0.15491151809692383
0.007014751434326172
0.03895974159240723
0.07795524597167969
0.013991594314575195
0.012992143630981445
0.006996631622314453
0.01798868179321289
0.015990734100341797
0.048972129821777344
0.020008563995361328
0.0019974708557128906
0.025966167449951172
0.0
0.003000974655151367
0.011994123458862305
0.04597115516662598
0.010012388229370117
0.013976335525512695
0.010990619659423828
0.00601506233215332
0.021968603134155273
0.11495399475097656
0.010975360870361328
0.008013010025024414
0.012974023818969727
0.020989656448364258
0.009993553161621094
0.012991189956665039
0.006995439529418945
0.016991853713989258
0.011991739273071289
0.031981706619262695
0.03699803352355957
0.0009989738464355469
0.0179898738861084
0.0019989013671875
0.0019822120666503906
0.01101064682006836
0.015973329544067383
0.021986961364746094
0.007014036178588867
0.01497340202331543
0.0679788589477539
0.02098822593688965
0.028965473175048828
0.0069959163665771484
0.0009999275207519531
0.00699615478515625
0.049970388412475586
0.026004552841186523
0.011974811553955078
0.006995677947998047
0.019987821578979492
0.012991666793823242
0.0259857177734375
0.04497647285461426
0.0029981136322021484
0.007994413375854492
0.00899505615234375
0.018992900848388672
0.0009942054748535156
0.012992143630981445
0.038977622985839844
0.0019991397857666016
0.0
0.03599834442138672
0.013972997665405273
0.001998424530029297
0.00099945068359375
0.003998756408691406
0.05098915100097656
0.132904052734375
0.0009999275207519531
0.032980918884277344
0.019008159637451172
0.0029802322387695312
0.009993791580200195
0.015992164611816406
0.013992071151733398
0.028982162475585938
0.013011455535888672
0.12892580032348633
0.0049970149993896484
0.0029985904693603516
0.0
0.015971899032592773
0.002999544143676758
0.0009999275207519531
0.003996849060058594
0.0019991397857666016
0.0339808464050293
0.06896209716796875
0.018985986709594727
0.033980369567871094
0.0019986629486083984
0.007995367050170898
0.010014533996582031
0.0019974708557128906
0.0029807090759277344
0.004997730255126953
0.01201009750366211
0.010994434356689453
0.019968509674072266
0.0059967041015625
0.0399775505065918
0.00799560546875
0.025005102157592773
0.10993623733520508
0.0599522590637207
0.0069921016693115234
0.026984453201293945
0.0019989013671875
0.04299354553222656
0.018969297409057617
0.0
0.003997325897216797
0.0009999275207519531
0.008994817733764648
0.051971435546875
0.0010004043579101562
0.001998424530029297
0.0059964656829833984
0.011993646621704102
0.001997709274291992
0.06198406219482422
0.022984981536865234
0.024968624114990234
0.025983095169067383
0.0009996891021728516
0.0049970149993896484
0.0179903507232666
0.033998966217041016
0.014991283416748047
0.005997180938720703
0.00099945068359375
0.014991283416748047
0.0029976367950439453
0.014972686767578125
0.00099945068359375
0.0539705753326416
0.08896732330322266
0.10991716384887695
0.07495784759521484
0.0009987354278564453
0.03298187255859375
0.049990177154541016
0.07195925712585449
0.0
0.009994029998779297
0.049971580505371094
0.0049784183502197266
0.02398538589477539
0.05697035789489746
0.013998746871948242
0.016981124877929688
0.0419771671295166
0.009994029998779297
0.054967403411865234
0.003998994827270508
0.045987844467163086
0.028988122940063477
0.03895878791809082
0.011993408203125
0.005996227264404297
0.01798844337463379
0.08996820449829102
0.019970178604125977
0.00501561164855957
0.004996061325073242
0.03396153450012207
0.025005340576171875
0.04395723342895508
0.0039975643157958984
0.027982234954833984
0.004998683929443359
0.00499725341796875
0.004995584487915039
0.003997087478637695
0.0009999275207519531
0.0199892520904541
0.011992454528808594
0.05196976661682129
0.004016876220703125
0.0069963932037353516
0.018970489501953125
0.0019989013671875
0.027983665466308594
0.0179901123046875
0.028983354568481445
0.01799154281616211
0.003996610641479492
0.015991687774658203
0.006995201110839844
0.021986722946166992
0.006997108459472656
0.025984764099121094
0.02998185157775879
0.01700901985168457
0.01697087287902832
0.00299835205078125
0.016009807586669922
0.008995294570922852
0.002998828887939453
0.006995439529418945
0.003997802734375
0.06394410133361816
0.0049970149993896484
0.020007848739624023
0.007976055145263672
0.034980058670043945
0.00299835205078125
0.020987987518310547
0.06696248054504395
0.024984359741210938
0.0009996891021728516
0.00299835205078125
0.003997802734375
0.007995367050170898
0.06898021697998047
0.043955087661743164
0.018988609313964844
0.0
0.007995843887329102
0.02098846435546875
0.06096982955932617
0.015986919403076172
0.003996610641479492
0.056967735290527344
0.05596733093261719
0.020989179611206055
0.0009999275207519531
0.04497265815734863
0.003997802734375
0.0
0.017989635467529297
0.03897809982299805
0.005997657775878906
0.006995677947998047
0.004995822906494141
0.00299835205078125
0.0659646987915039
0.0030155181884765625
0.11191892623901367
0.00999307632446289
0.0019986629486083984
0.004015684127807617
0.10192227363586426
0.09396529197692871
0.03498029708862305
0.007995843887329102
0.00099945068359375
0.0029976367950439453
0.011976957321166992
0.06897711753845215
0.0029997825622558594
0.007974863052368164
0.028983116149902344
0.009996175765991211
0.050988197326660156
0.03098297119140625
0.009993791580200195
0.08893156051635742
0.02200484275817871
0.01797032356262207
0.041975975036621094
0.005995988845825195
0.018991470336914062
0.11093473434448242
0.01701211929321289
0.029961347579956055
0.014993667602539062
0.010991096496582031
0.013011693954467773
0.004997730255126953
0.008994340896606445
0.004002809524536133
0.25083279609680176
0.035980224609375
0.014989614486694336
0.007995367050170898
0.07497692108154297
0.1149299144744873
0.0
0.016975879669189453
0.01700878143310547
0.015990018844604492
0.008995532989501953
0.0010004043579101562
0.02796339988708496
0.08996748924255371
0.11491560935974121
0.011992692947387695
0.040976524353027344
0.009014368057250977
0.007977485656738281
0.039977312088012695
0.05097031593322754
0.020986557006835938
0.00799560546875
0.039997100830078125
0.008993864059448242
0.02196979522705078
0.022005081176757812
0.03396248817443848
0.04097557067871094
0.014011383056640625
0.08493471145629883
0.03197884559631348
0.06096649169921875
0.005997180938720703
0.03897595405578613
0.037978410720825195
0.08794903755187988
0.003998279571533203
0.022986888885498047
0.0009987354278564453
0.05298900604248047
0.00699615478515625
0.010993719100952148
0.02498626708984375
0.03297996520996094
0.0039980411529541016
0.043959617614746094
0.034995317459106445
0.03296184539794922
0.044975996017456055
0.006994485855102539
0.0009992122650146484
0.03200078010559082
0.04897165298461914
0.010975122451782227
0.0179898738861084
0.020989179611206055
0.0
0.001016855239868164
0.02196979522705078
0.004997730255126953
0.07795333862304688
0.02198934555053711
0.06995987892150879
0.03497934341430664
0.005997657775878906
0.0010166168212890625
0.009974479675292969
0.06496453285217285
0.02600264549255371
0.003997802734375
0.009994268417358398
0.06696105003356934
0.00099945068359375
0.019969701766967773
0.0069959163665771484
0.0069959163665771484
0.013012886047363281
0.05994725227355957
0.06496286392211914
0.013011455535888672
0.006994724273681641
0.026983976364135742
0.005999088287353516
0.004995107650756836
0.06394743919372559
0.0029973983764648438
0.013009071350097656
0.0399775505065918
0.08293461799621582
0.008010625839233398
0.0539546012878418
0.009992361068725586
0.0049970149993896484
0.02698493003845215
0.004996776580810547
0.004996776580810547
0.0049970149993896484
0.00499725341796875
0.035979509353637695
0.027983903884887695
0.0059969425201416016
0.020006895065307617
0.00997781753540039
0.006013154983520508
0.06494665145874023
0.019005537033081055
0.014991998672485352
0.017969846725463867
0.031001567840576172
0.011993169784545898
0.030964136123657227
0.03697919845581055
0.010011911392211914
0.04995322227478027
0.010992288589477539
0.022006988525390625
0.04196333885192871
0.0009937286376953125
0.04297614097595215
0.050987958908081055
0.019969701766967773
0.03200125694274902
0.0009989738464355469
0.009975194931030273
0.038979291915893555
0.003001689910888672
0.01200723648071289
0.001999378204345703
0.003997325897216797
0.025986671447753906
0.019969463348388672
0.060982465744018555
0.00299835205078125
0.04695463180541992
0.014992237091064453
0.004015445709228516
0.017969846725463867
0.0
0.008997917175292969
0.03497910499572754
0.05297088623046875
0.0030145645141601562
0.0029790401458740234
0.010994911193847656
0.06897830963134766
0.007995367050170898
0.0039975643157958984
0.0
0.00799560546875
0.04395651817321777
0.008013725280761719
0.032962799072265625
0.03699803352355957
0.07593655586242676
0.002018451690673828
0.007995843887329102
0.026983976364135742
0.013991117477416992
0.009994268417358398
0.04695487022399902
0.007014751434326172
0.0020003318786621094
0.010975122451782227
0.04497194290161133
0.009013891220092773
0.0019996166229248047
0.007995367050170898
0.017988920211791992
0.0179901123046875
0.01896977424621582
0.04699206352233887
0.03696107864379883
0.04796957969665527
0.010995149612426758
0.01499176025390625
0.014009714126586914
0.01499176025390625
0.0009834766387939453
0.023983001708984375
0.05796623229980469
0.04399394989013672
0.07294249534606934
0.02899909019470215
0.03695940971374512
0.01699090003967285
0.012993097305297852
0.04099535942077637
0.003997087478637695
0.02196812629699707
0.014991044998168945
0.0
0.001999378204345703
0.005018949508666992
0.022964954376220703
0.002000093460083008
0.026003599166870117
0.0019998550415039062
0.05894732475280762
0.0069959163665771484
0.002016782760620117
0.06796026229858398
0.0059931278228759766
