8.056244850158691
11.709181785583496
4.567965030670166
6.377235651016235
4.021920680999756
8.352257251739502
5.97357439994812
2.450577974319458
21.446727991104126
3.7858307361602783
10.433056116104126
9.30566668510437
1.0694000720977783
9.394626140594482
2.456590414047241
3.494982957839966
4.934170484542847
5.247009038925171
0.044972896575927734
13.122346639633179
1.8599364757537842
19.88061499595642
5.0461061000823975
3.627920389175415
1.424185037612915
2.7284350395202637
3.847780466079712
3.204179286956787
13.214414119720459
24.976711988449097
8.172316312789917
4.153619050979614
4.444002866744995
1.6740427017211914
6.512267589569092
1.1493394374847412
0.2108776569366455
4.342521667480469
4.458444595336914
2.576955795288086
3.4672231674194336
8.555763006210327
37.997260332107544
2.8763504028320312
9.097798824310303
2.2087395191192627
1.3782072067260742
54.27692985534668
6.5752317905426025
5.660766363143921
1.5331180095672607
0.06995868682861328
5.517851114273071
2.5885539054870605
2.67545747756958
2.5575308799743652
9.160748958587646
2.142770528793335
0.1329197883605957
4.17560338973999
3.7618420124053955
9.944301843643188
5.796678304672241
4.477432727813721
2.4286017417907715
4.631364822387695
1.078397512435913
9.94331693649292
15.21829605102539
2.0548226833343506
3.034285068511963
6.3933351039886475
9.921387672424316
1.9508790969848633
10.042245388031006
0.570671558380127
12.889600276947021
1.896087408065796
17.397545099258423
22.363781690597534
8.22828221321106
1.7420141696929932
4.290540933609009
6.171465873718262
15.065921068191528
0.5177035331726074
10.186179161071777
10.845797777175903
3.1212124824523926
0.3777806758880615
4.655268669128418
4.106645822525024
21.592612504959106
10.704880714416504
1.0783782005310059
0.5936691761016846
3.5639564990997314
0.32383012771606445
7.79164719581604
5.666720628738403
0.601637601852417
3.5830202102661133
14.879655122756958
4.399468183517456
3.992725372314453
2.5075435638427734
10.3680739402771
0.3788008689880371
1.157320499420166
9.323574542999268
4.153623342514038
5.399905443191528
32.85123157501221
0.5590758323669434
4.497429370880127
3.590954542160034
2.320652961730957
4.749277591705322
15.904886245727539
1.064485788345337
0.2718331813812256
11.14663815498352
2.123784303665161
11.674315929412842
0.08394622802734375
31.90773630142212
8.13534140586853
1.4471561908721924
4.497436046600342
2.8393709659576416
8.511147022247314
0.05898141860961914
16.543741941452026
1.456167221069336
13.05850625038147
14.235844373703003
5.20301365852356
5.468868255615234
28.82051920890808
0.3867781162261963
1.6360783576965332
16.508558750152588
11.937172889709473
0.8355169296264648
3.4130594730377197
0.502709150314331
11.084660291671753
0.1768946647644043
4.285545110702515
13.286400079727173
10.858779668807983
7.3487958908081055
19.41096568107605
4.438489675521851
2.273688554763794
1.0613913536071777
25.987587213516235
15.783957958221436
9.620487213134766
6.134351491928101
9.365093469619751
9.260984182357788
1.8399455547332764
23.819371700286865
3.958714485168457
0.3418154716491699
3.946723461151123
21.761548280715942
6.456290245056152
4.206588983535767
3.9477603435516357
23.007898092269897
0.6826086044311523
5.857656478881836
8.551115989685059
4.084341526031494
3.3422348499298096
2.0830752849578857
1.4447519779205322
3.9282872676849365
6.661685943603516
29.76985478401184
7.659611225128174
26.13204526901245
2.951312303543091
7.699588060379028
8.551169872283936
1.0564098358154297
7.094977378845215
24.064231395721436
3.3870811462402344
4.268558502197266
24.691853523254395
1.7080206871032715
0.7245833873748779
1.5391309261322021
4.115657806396484
0.23384833335876465
9.020833015441895
6.59041690826416
4.249277591705322
0.844853401184082
8.68459439277649
1.9359033107757568
4.073663711547852
2.64548659324646
0.8734946250915527
0.10894465446472168
9.41260313987732
6.616194248199463
5.144614934921265
12.384901523590088
8.750990152359009
1.1253621578216553
0.32782673835754395
4.489426612854004
9.580576181411743
4.1916139125823975
8.651058197021484
1.7040252685546875
7.624640226364136
0.9414746761322021
4.0106871128082275
16.99434757232666
1.0054240226745605
1.7460057735443115
0.3587825298309326
12.90360975265503
2.422624111175537
4.277548313140869
7.617652893066406
6.753773927688599
3.5759623050689697
6.240418195724487
0.2618446350097656
16.81338119506836
1.4561800956726074
1.2752656936645508
7.647618532180786
8.3851900100708
14.144901037216187
3.944737672805786
7.833508729934692
2.0908031463623047
4.887179613113403
13.085347890853882
0.6551322937011719
4.379474639892578
12.195012092590332
2.8620083332061768
5.7407143115997314
14.548805236816406
6.76212739944458
5.360914707183838
7.01096510887146
1.5766410827636719
3.478137731552124
16.01084566116333
4.521458864212036
4.314529180526733
0.17989635467529297
17.16015362739563
3.498995780944824
1.4761524200439453
4.070666790008545
1.7529950141906738
17.390072107315063
4.667332172393799
2.2887027263641357
1.001678466796875
4.478870868682861
18.241543769836426
0.9904162883758545
2.6225099563598633
4.921163320541382
15.001439094543457
33.36587476730347
1.140362024307251
0.7495880126953125
0.5312306880950928
12.160085439682007
1.877934455871582
14.45973014831543
3.021282434463501
11.52238392829895
3.8727807998657227
14.525736570358276
2.831376314163208
0.007994890213012695
23.565752506256104
2.454586982727051
0.27185583114624023
8.35620665550232
4.911198854446411
6.764139175415039
2.9323291778564453
0.3867783546447754
5.2490386962890625
6.274404287338257
3.72188138961792
2.2577104568481445
1.6280827522277832
2.8933568000793457
6.719147682189941
0.4487450122833252
0.47072887420654297
0.36980628967285156
5.656713962554932
10.849816799163818
2.620499610900879
1.110365390777588
9.621516704559326
3.719867706298828
9.586507797241211
10.099891185760498
0.447739839553833
6.132488012313843
19.81565833091736
15.733983993530273
8.325227737426758
15.773022890090942
0.10795140266418457
28.4573872089386
0.6786093711853027
4.0486931800842285
2.2027511596679688
3.184173107147217
0.015990734100341797
25.113632678985596
32.95314073562622
1.3712146282196045
8.045406341552734
3.0932424068450928
1.442155361175537
0.3248298168182373
20.928009510040283
4.107107639312744
17.212122917175293
24.063212633132935
4.82821249961853
7.622637987136841
5.542847633361816
0.17591094970703125
25.123757362365723
4.4364728927612305
18.175679445266724
9.222726583480835
0.3897898197174072
2.9043331146240234
16.528369903564453
1.772981882095337
0.22986626625061035
13.292315244674683
7.3267951011657715
3.9633920192718506
4.874051809310913
15.500133752822876
1.3862035274505615
7.400749444961548
2.466601610183716
4.648353815078735
10.490986585617065
18.92418146133423
6.710137605667114
3.342087745666504
10.50198245048523
2.8623712062835693
10.134268999099731
0.37879133224487305
5.177033424377441
24.413011074066162
2.635496139526367
10.60196304321289
3.867767572402954
0.0
16.213672876358032
24.498964071273804
11.553379535675049
0.41976284980773926
1.673041582107544
9.235723495483398
10.516976118087769
14.599636554718018
1.191314697265625
9.72744107246399
0.032976388931274414
5.1840291023254395
0.6656243801116943
4.685316801071167
5.901614427566528
10.11620545387268
13.60520339012146
7.948445796966553
0.4087808132171631
1.3532214164733887
4.1746180057525635
5.0910804271698
14.634606122970581
8.104357242584229
3.244137763977051
16.033809661865234
0.9624605178833008
2.9103379249572754
2.4625916481018066
1.2033185958862305
1.0404014587402344
13.42531704902649
5.722720623016357
3.2911128997802734
20.151455402374268
10.49596905708313
1.7330219745635986
5.927603006362915
6.583228349685669
21.809505939483643
0.11393451690673828
9.005840301513672
15.064364910125732
11.434463262557983
3.1771793365478516
0.7036087512969971
0.7265820503234863
9.185732364654541
0.997434139251709
7.571674585342407
1.9119088649749756
7.412752628326416
0.18988919258117676
0.8295285701751709
1.4061915874481201
7.620619535446167
2.0148446559906006
12.079078435897827
7.906468629837036
1.0293946266174316
7.490722179412842
5.345932960510254
1.5611188411712646
10.688889741897583
20.996971368789673
5.020139455795288
5.495850324630737
0.5417079925537109
0.5396757125854492
3.950735092163086
14.39972972869873
12.08208179473877
11.62034273147583
8.002410173416138
0.2688455581665039
9.798399209976196
3.4060444831848145
5.760709285736084
6.603234052658081
4.096651554107666
10.200172662734985
0.8585047721862793
3.04225492477417
1.7549965381622314
1.4001922607421875
5.363938331604004
2.6794416904449463
8.943857669830322
2.7144455909729004
6.802120923995972
2.865330457687378
3.955732822418213
1.7759954929351807
1.3892033100128174
9.551555633544922
9.308650016784668
2.9732956886291504
0.9304776191711426
7.18765115737915
33.92672371864319
6.632348537445068
12.112641334533691
9.961294174194336
11.429452419281006
1.0823731422424316
3.2251479625701904
7.174877643585205
9.379618406295776
7.737579345703125
14.255846738815308
13.742049932479858
2.8153388500213623
4.905973672866821
2.623924732208252
2.4110147953033447
1.0853643417358398
6.355650901794434
18.877243518829346
16.312652349472046
1.2893378734588623
19.662996292114258
1.3341498374938965
5.035071134567261
18.928390502929688
19.364604473114014
